146 144 151
127 124 130
115 113 118
108 109 115
135 133 139
118 118 122
142 140 147
104 104 108
118 116 122
149 147 153
144 144 148
150 150 155
88 86 92
137 137 141
86 84 91
144 143 149
73 72 76
137 134 141
83 83 87
128 129 132
97 94 100
124 122 128
106 104 110
120 120 124
145 144 152
90 89 94
122 121 126
148 147 155
85 84 89
124 123 128
149 148 156
82 82 84
123 121 126
110 109 117
96 95 100
139 136 145
140 137 144
146 143 150
141 135 145
122 116 126
104 96 107
110 104 114
97 85 97
154 148 158
147 141 151
114 111 118
157 150 157
124 108 121
98 86 98
109 106 113
150 145 151
125 107 121
162 141 156
132 114 128
146 132 145
117 116 122
138 133 139
130 106 122
89 66 82
136 135 141
131 126 132
144 123 138
156 127 145
166 137 155
149 125 141
92 91 97
115 110 116
94 70 86
102 71 89
146 145 151
115 113 118
109 80 98
133 102 120
107 106 112
112 110 115
129 96 115
130 95 115
101 100 106
142 142 144
98 97 102
100 99 104
106 105 110
130 129 134
137 136 141
141 140 145
154 153 158
134 133 138
124 123 128
92 91 96
84 83 88
143 142 147
106 105 110
146 108 129
139 108 126
133 132 137
127 127 127
101 101 101
133 133 133
145 144 150
113 112 118
126 125 131
141 140 145
102 101 106
155 113 135
109 76 95
88 87 92
113 113 113
133 133 133
94 94 96
128 128 128
97 96 101
153 109 132
150 126 142
126 125 130
80 80 80
123 123 123
97 97 97
94 93 98
145 100 123
118 91 108
136 135 140
136 134 137
119 117 120
88 88 90
154 152 155
97 95 100
137 95 117
170 137 156
83 82 87
97 92 98
142 137 143
106 99 106
125 120 126
113 80 99
128 94 111
104 104 106
138 131 139
107 100 108
115 105 114
157 147 156
150 145 151
112 83 101
156 115 133
118 117 122
149 148 153
82 81 87
137 132 139
112 107 114
118 89 107
158 127 142
140 139 145
101 100 105
85 84 90
144 142 147
131 104 121
128 97 112
148 147 155
152 152 154
96 95 100
148 147 152
166 140 153
139 111 125
120 89 104
115 83 98
119 85 101
128 91 108
131 94 111
140 103 120
125 88 105
112 78 94
122 90 105
153 122 137
88 87 93
115 113 118
150 126 142
164 131 150
131 99 114
120 118 129
88 88 90
151 129 142
111 84 99
132 98 114
153 114 132
172 131 149
146 105 123
130 91 109
124 90 106
76 71 78
103 98 104
139 108 126
165 131 147
104 102 113
103 103 105
168 141 156
125 94 110
118 85 102
154 120 137
118 81 98
155 124 140
91 79 89
106 101 107
116 87 105
146 122 136
99 97 110
113 113 115
162 134 149
121 88 105
137 100 118
164 122 142
112 78 95
166 139 154
88 78 86
116 109 116
101 74 91
129 102 117
98 96 109
72 72 74
108 77 93
143 106 124
125 91 108
133 109 123
102 100 103
154 147 154
136 113 129
149 118 134
98 96 109
125 101 115
132 99 116
178 126 149
160 127 144
111 89 102
106 106 106
153 135 149
156 123 140
166 133 150
98 96 109
128 127 132
90 68 81
165 134 150
104 82 95
124 124 124
154 154 154
137 130 137
130 99 115
157 133 147
100 98 109
142 141 146
130 129 137
124 114 123
87 75 85
114 98 109
122 98 112
90 90 90
119 112 119
117 89 104
132 105 120
105 103 114
134 133 138
118 105 115
160 123 141
144 116 131
118 118 118
101 94 101
129 102 117
118 90 105
114 113 121
98 97 102
104 88 99
144 122 135
138 99 118
156 125 141
110 110 110
88 81 88
155 131 145
180 128 150
120 89 105
126 125 131
116 115 121
148 124 138
110 79 95
144 107 125
116 79 97
109 109 109
110 100 108
153 101 123
128 97 113
137 136 141
142 141 146
137 103 120
112 73 92
111 69 89
133 90 110
153 110 130
112 81 97
119 119 121
105 98 105
131 86 106
136 105 121
143 143 145
86 86 88
142 130 142
119 105 118
104 88 101
102 84 98
112 89 105
121 97 113
151 124 141
169 138 156
161 127 144
141 119 132
70 69 74
112 110 115
122 88 104
135 104 120
139 138 143
112 112 112
118 118 118
139 118 133
112 89 105
107 83 99
125 98 115
153 124 142
104 77 92
128 127 132
143 142 147
118 90 104
123 95 110
111 110 115
99 99 99
132 132 132
118 90 105
121 90 106
153 116 134
134 114 126
149 148 153
135 134 139
118 90 104
109 81 96
91 90 95
111 111 113
109 108 113
127 100 115
126 92 109
175 132 152
101 74 89
113 112 117
140 139 144
118 90 104
98 71 86
118 117 122
112 111 116
99 98 103
145 144 149
161 133 148
140 103 121
145 103 123
139 112 127
135 134 139
135 134 139
120 89 104
98 74 88
136 135 140
103 102 107
93 92 97
148 147 152
122 85 103
158 119 138
92 64 79
121 120 125
103 102 107
121 89 104
108 88 100
128 127 132
137 136 141
104 103 108
99 98 103
123 122 127
168 137 153
125 94 110
167 139 154
141 119 132
98 97 102
96 95 100
121 89 104
122 104 116
120 119 124
93 90 97
104 101 108
125 124 130
154 153 159
138 118 130
138 118 130
84 68 79
124 123 128
90 89 94
122 88 104
131 118 128
130 129 134
141 140 145
112 111 116
100 101 105
127 128 132
145 146 150
157 147 156
102 95 103
154 147 155
155 150 157
143 143 145
112 111 116
105 68 85
144 117 132
118 117 123
140 144 147
87 91 94
91 96 99
124 129 132
61 62 67
109 110 115
99 99 101
121 120 125
111 72 90
115 93 106
92 91 97
125 129 132
85 89 92
146 145 151
55 60 64
96 96 98
151 150 155
119 80 98
102 84 96
154 153 159
130 123 131
94 87 95
145 138 146
147 152 156
115 116 121
130 130 132
133 92 110
135 119 130
98 97 103
141 136 143
112 109 116
101 100 106
147 147 149
133 132 137
160 144 155
150 107 126
123 92 107
124 123 129
146 145 151
89 88 94
96 95 100
137 121 132
171 128 147
119 88 103
108 107 113
96 95 101
135 134 140
127 127 129
108 107 112
118 102 113
155 110 130
169 141 155
114 113 119
134 129 136
115 108 116
132 131 137
102 102 104
135 134 139
108 90 102
104 65 83
111 106 113
87 85 90
96 95 100
135 136 138
127 105 118
170 131 150
165 138 153
124 122 125
109 109 111
150 150 152
140 139 147
97 96 101
118 120 119
151 144 152
150 126 140
114 83 99
112 110 113
136 136 138
128 127 132
119 118 123
110 110 110
114 102 112
151 112 131
165 138 153
136 134 137
145 145 147
102 102 104
145 144 149
130 129 135
122 121 126
132 132 132
105 89 100
124 91 108
90 85 89
135 134 139
93 92 97
135 134 140
126 125 133
121 120 125
147 147 149
129 109 121
119 84 104
108 106 109
152 151 156
101 100 105
109 108 113
145 144 152
129 128 133
106 106 108
120 98 111
166 142 156
134 101 120
167 140 157
111 106 110
119 118 123
95 94 99
104 103 108
86 85 90
109 108 113
84 83 91
128 127 132
109 109 111
110 83 100
116 92 108
101 99 102
94 93 98
127 126 134
74 73 81
125 124 132
86 85 93
134 133 138
127 98 116
88 67 82
117 118 122
152 151 156
140 139 144
124 123 129
103 102 108
134 133 139
148 147 152
99 99 101
117 93 109
89 71 85
149 148 153
76 75 80
114 113 118
63 62 68
123 122 128
113 112 117
90 89 94
133 133 135
90 67 83
91 66 85
85 86 90
146 145 150
153 152 157
116 115 120
90 89 94
129 128 133
125 124 129
131 130 135
122 121 126
92 91 96
74 73 79
125 124 130
127 126 132
152 151 157
114 113 119
118 117 122
95 94 99
133 132 137
141 125 138
84 59 78
95 99 102
97 96 101
97 96 101
150 150 152
115 113 118
83 71 83
69 51 67
94 98 101
91 90 96
99 99 101
139 137 142
120 114 126
145 137 150
66 54 68
113 114 119
93 92 98
120 120 122
154 149 155
73 70 81
95 89 101
124 125 130
141 142 147
131 130 136
73 72 78
143 141 144
142 137 143
98 93 99
78 78 88
118 118 128
139 138 144
127 126 132
95 94 99
95 94 100
88 87 93
116 115 123
101 100 108
97 92 99
103 103 111
127 126 131
112 111 116
81 82 86
76 75 83
131 131 133
137 137 139
81 81 89
150 149 157
136 135 143
114 113 121
96 95 103
89 88 96
95 94 102
107 106 114
116 115 123
78 77 85
116 116 116
141 141 141
68 68 78
137 137 149
134 133 141
111 110 118
104 103 111
106 105 113
151 150 158
150 149 155
65 64 70
89 89 89
153 151 162
86 84 97
109 109 121
143 143 153
139 137 142
130 128 133
88 87 93
87 86 94
99 98 106
130 129 137
77 76 82
79 79 79
104 101 112
103 102 108
74 73 79
104 103 109
29 28 34
35 34 40
61 60 66
110 109 115
86 85 91
118 118 120
87 84 93
10 9 15
37 36 42
14 13 19
23 22 28
19 18 24
33 32 38
44 43 49
69 68 74
113 112 118
105 105 107
135 135 137
74 69 75
0 0 5
37 36 42
131 130 136
82 81 87
20 19 25
70 69 75
122 121 127
148 147 152
142 141 146
119 119 121
112 107 111
44 43 49
74 73 79
111 110 116
28 27 33
116 115 121
92 91 96
144 143 148
94 93 98
151 142 145
54 45 50
86 77 82
99 98 104
113 112 120
100 99 105
19 18 24
100 99 104
89 85 86
69 60 63
31 20 24
8 0 0
29 17 21
65 54 60
142 141 147
33 32 38
138 137 143
109 108 113
135 133 134
17 11 11
62 53 54
116 101 104
8 0 0
149 148 154
30 29 35
150 149 154
154 153 158
160 105 84
160 89 69
10 8 9
115 109 109
151 136 139
78 68 69
16 15 21
90 89 94
98 98 98
60 56 57
158 142 142
150 134 134
8 0 0
133 132 138
146 145 151
117 116 121
7 7 7
10 0 0
26 11 8
15 0 0
46 32 31
8 0 0
14 13 19
15 14 20
9 8 14
80 79 85
104 103 109
139 138 143
152 80 65
100 100 100
11 0 0
117 99 97
42 24 22
19 3 3
23 11 11
117 116 122
0 0 5
8 7 13
47 46 52
6 5 11
2 1 7
0 0 5
113 112 118
98 97 102
143 86 57
170 139 119
36 42 40
7 0 0
42 28 25
47 37 35
9 3 3
0 1 6
1 0 4
1 0 4
136 133 140
110 109 114
16 27 21
7 2 0
129 122 116
3 0 0
31 32 27
6 11 7
125 129 128
0 9 6
6 0 0
45 36 39
154 153 159
137 101 53
71 68 63
34 23 19
23 8 5
61 46 43
8 0 0
6 0 0
18 14 11
6 6 4
150 152 151
62 79 71
27 17 18
130 129 135
139 75 48
141 135 83
98 108 99
10 0 0
63 39 39
33 3 5
33 1 4
21 0 0
26 0 3
14 0 0
37 21 24
91 102 96
131 121 122
16 6 7
11 0 0
17 5 5
117 105 105
78 66 66
55 45 46
113 112 118
132 65 38
111 112 52
158 158 122
57 59 54
18 0 0
57 17 25
32 0 0
72 21 30
58 7 16
79 32 42
77 35 45
112 76 86
52 50 51
116 104 106
10 0 0
22 8 8
48 34 33
34 20 19
41 27 26
23 9 8
8 0 0
95 94 100
151 75 49
143 143 83
57 48 49
54 11 21
103 45 59
156 87 105
150 77 94
189 115 132
184 113 131
183 119 136
153 96 113
134 83 100
130 83 101
158 115 134
111 105 107
26 10 11
73 57 57
123 105 105
19 1 0
46 28 26
40 25 22
29 15 12
19 8 6
119 109 108
110 109 115
134 62 38
143 144 76
138 136 88
126 125 131
108 107 113
144 134 142
75 52 60
180 132 146
144 83 99
196 121 141
185 121 145
164 100 126
146 88 112
84 75 80
111 91 93
14 0 0
161 141 140
28 9 5
52 34 30
64 49 46
12 1 0
7 0 0
149 148 154
121 50 28
116 116 52
147 148 143
89 89 89
75 34 50
166 109 128
179 111 132
147 79 102
44 35 40
26 4 6
40 18 20
15 0 0
29 10 6
34 19 14
35 21 18
9 0 0
128 127 133
144 67 47
120 122 56
150 151 146
109 110 104
108 52 77
180 104 130
175 97 121
173 110 131
136 129 134
17 0 0
45 21 21
84 60 60
148 124 122
17 0 0
33 12 7
17 0 0
55 37 33
18 4 1
7 0 0
108 107 113
107 106 41
110 109 114
91 88 107
158 89 120
149 64 93
137 136 141
22 0 0
51 27 27
19 0 0
21 0 0
24 0 0
38 17 12
21 2 0
27 9 5
30 16 13
16 6 4
92 91 97
114 111 40
107 105 118
120 118 131
149 75 110
132 56 84
73 74 78
22 0 2
57 35 37
24 3 2
30 9 8
25 4 1
24 3 0
22 3 0
51 36 31
41 27 24
7 0 0
109 108 114
128 131 42
87 85 99
148 147 152
173 102 136
188 87 121
161 82 111
136 81 104
31 32 36
145 131 131
22 2 4
56 36 37
14 0 0
14 0 0
27 7 6
21 2 0
22 4 0
29 14 11
38 27 23
16 6 4
138 137 143
89 100 22
100 99 105
98 98 96
171 87 121
182 109 136
88 55 72
33 34 38
160 150 151
21 5 6
56 40 41
23 7 7
21 3 3
27 9 7
15 0 0
15 0 0
51 37 34
43 32 30
7 0 0
92 103 37
131 134 113
122 122 124
148 85 112
182 107 137
196 107 135
194 120 145
115 57 79
77 67 78
48 47 52
19 9 10
35 23 25
32 20 20
17 3 3
10 0 0
10 0 0
25 11 10
49 35 34
36 24 24
7 0 0
111 110 116
112 121 66
133 137 110
83 83 85
127 67 93
193 97 125
193 110 136
184 116 137
135 80 99
83 83 91
85 83 88
46 40 42
59 50 53
59 49 50
49 39 40
54 42 42
64 52 52
54 42 42
44 32 32
27 17 18
11 2 5
88 87 93
157 80 60
97 107 46
137 136 141
152 84 109
193 101 126
186 100 125
178 103 124
146 87 105
129 83 96
93 98 104
142 139 146
63 58 64
98 93 97
97 93 94
135 134 132
159 149 150
115 105 106
72 63 66
112 111 117
105 115 62
140 133 141
169 88 118
182 89 116
161 83 107
156 88 111
170 108 129
180 129 146
84 87 94
137 134 143
146 145 151
142 159 81
153 130 146
135 71 97
184 111 138
182 106 132
164 90 115
159 89 113
146 84 107
182 130 152
95 94 99
120 136 65
95 74 89
132 87 107
155 108 126
166 122 139
103 102 108
102 112 43
114 111 120
101 64 81
139 138 144
93 102 35
142 145 164
104 78 91
75 74 80
89 104 35
96 103 121
90 74 85
124 123 129
95 115 44
95 89 113
52 42 51
83 82 88
113 139 68
123 114 133
153 137 147
121 118 127
131 128 137
142 157 90
87 88 90
128 135 141
138 142 151
93 96 105
140 138 149
113 111 122
104 103 109
155 90 58
97 84 49
146 150 159
138 141 150
129 125 139
80 78 89
112 111 117
149 105 76
159 130 112
119 115 129
95 91 105
58 55 62
150 149 155
161 145 93
159 73 56
121 62 48
154 151 160
123 119 134
80 72 85
137 132 139
127 124 131
147 146 152
104 103 108
125 120 54
161 67 59
136 76 68
127 121 131
126 122 137
150 136 149
86 70 81
143 123 132
133 121 125
66 55 61
118 111 118
111 110 115
156 56 56
144 74 76
136 130 140
121 120 136
125 104 111
63 34 36
83 51 52
87 57 57
75 46 48
70 44 45
74 49 52
60 40 42
36 20 23
8 0 0
97 96 102
100 99 104
147 135 95
155 48 58
185 108 124
127 130 145
143 126 136
56 33 39
26 0 0
43 5 2
46 11 9
38 4 2
38 7 5
47 19 18
40 16 16
22 2 3
93 78 81
146 145 151
79 78 84
135 134 140
110 109 114
128 104 66
150 36 62
181 98 128
123 130 146
157 145 155
116 100 110
35 10 14
60 25 21
57 16 10
52 13 8
53 15 10
52 17 13
44 13 10
34 8 7
27 6 5
98 97 103
72 71 76
153 132 79
166 46 74
178 93 122
130 124 134
98 112 123
140 118 121
43 13 15
57 22 20
62 19 10
51 7 0
50 8 0
58 19 11
52 17 11
42 11 8
62 34 33
95 70 73
69 68 73
139 138 143
160 153 99
167 41 53
165 74 83
122 143 148
151 120 118
99 54 49
79 21 10
58 0 0
70 18 0
46 0 0
70 29 9
61 24 8
48 14 4
40 9 6
20 0 0
122 122 124
127 133 61
146 60 61
162 139 155
133 136 141
181 132 138
132 68 68
101 26 20
87 5 0
81 0 0
71 0 0
78 9 0
62 3 0
49 0 0
57 18 11
21 0 0
111 130 49
166 52 60
127 44 52
99 67 82
164 126 141
156 116 127
170 133 140
184 137 143
177 106 112
173 82 89
134 31 24
121 17 8
123 5 3
138 22 23
109 13 14
90 16 15
44 0 0
118 88 88
149 149 149
131 150 68
167 52 65
127 45 57
49 8 26
147 88 106
175 102 119
170 90 99
178 86 91
140 53 62
94 39 44
134 134 134
178 63 80
122 38 51
177 117 127
133 96 113
133 66 84
168 69 87
79 0 5
108 107 112
109 109 109
147 142 87
176 61 76
124 34 46
189 124 132
161 120 128
64 1 18
173 68 83
77 0 0
86 85 90
100 100 102
108 108 108
148 132 80
157 37 49
153 57 69
115 52 61
96 50 63
162 66 78
164 71 92
49 0 0
119 118 123
84 84 84
119 119 119
144 124 71
146 55 72
71 0 4
167 53 78
143 51 76
35 0 0
107 106 111
142 142 142
180 58 81
130 51 73
147 96 103
115 31 29
154 61 72
92 14 36
115 66 87
177 156 125
144 41 68
106 61 56
96 36 25
152 80 66
131 54 44
111 37 38
75 12 23
140 139 144
114 113 118
177 130 110
167 47 72
129 57 77
173 150 140
108 78 67
142 108 99
128 127 132
99 98 103
128 128 130
149 76 69
139 33 20
143 35 58
144 71 91
84 83 88
110 110 112
94 94 96
161 60 66
158 36 57
124 43 62
116 115 120
133 16 32
168 49 68
114 33 50
165 127 142
167 140 157
111 93 107
118 108 117
142 152 154
94 104 106
132 139 145
128 127 133
153 152 157
144 25 45
159 35 59
141 101 125
85 79 103
102 112 137
127 131 156
101 95 107
97 97 99
100 96 97
148 131 141
117 109 120
101 90 104
105 104 109
154 31 51
150 10 37
138 144 166
122 130 153
143 131 145
114 103 117
151 144 159
92 91 97
156 26 38
155 19 55
107 8 39
139 112 129
153 151 162
84 81 92
124 122 133
85 83 94
127 126 134
75 74 80
122 121 127
168 9 50
176 43 86
151 51 89
162 96 124
106 105 113
117 116 124
92 91 99
125 124 132
111 110 118
95 94 102
149 148 154
115 114 120
178 79 123
159 92 125
148 147 155
125 124 132
149 148 156
109 108 116
96 95 103
101 100 108
132 131 139
139 138 146
148 147 155
149 148 156
139 138 146
119 118 126
96 95 103
81 80 88
139 138 146
87 86 92
172 7 49
159 87 127
78 77 85
147 146 152
130 129 134
182 125 134
174 19 63
117 35 84
132 131 139
93 92 97
173 112 128
222 79 158
128 34 94
72 71 79
138 137 142
178 93 124
199 89 158
147 146 154
116 115 123
106 105 110
175 87 112
211 89 164
64 63 71
147 146 154
85 84 92
87 86 91
160 88 91
185 59 97
187 57 105
156 55 115
136 135 143
88 87 95
90 89 94
155 89 77
167 41 53
175 25 60
173 56 83
143 65 87
147 68 97
174 90 126
153 49 108
120 119 127
79 78 86
139 138 146
98 97 102
162 89 74
159 50 55
164 40 51
143 53 55
131 75 76
128 104 117
131 122 141
150 141 158
131 120 137
142 129 146
117 100 118
88 65 83
142 110 131
149 106 133
162 108 140
174 108 146
178 99 144
183 91 142
195 94 150
163 69 121
152 151 159
61 60 68
147 146 154
108 107 112
163 98 120
156 103 89
134 72 77
147 55 78
182 39 82
168 33 74
160 48 86
168 89 120
149 99 124
130 109 126
141 147 161
99 132 149
96 139 158
70 107 126
67 98 118
41 62 81
55 63 84
120 118 139
123 109 132
163 137 162
169 133 159
175 130 159
178 118 152
162 98 133
137 69 108
123 46 90
168 76 127
201 96 155
175 96 139
104 103 111
91 90 98
150 149 157
84 83 88
124 61 82
168 88 115
199 99 133
124 31 62
174 94 121
129 126 121
91 108 116
95 95 121
130 78 126
148 60 111
165 59 97
177 59 85
164 47 56
177 51 73
161 63 84
141 80 98
118 94 110
105 114 129
87 123 139
95 148 166
94 152 176
82 135 169
103 146 189
118 150 201
102 119 171
92 96 141
77 72 113
107 101 139
101 91 128
173 124 153
152 90 127
137 61 108
151 62 116
190 92 151
152 96 125
135 133 144
102 101 109
101 100 108
150 149 157
92 91 96
113 50 71
199 114 143
183 82 116
160 41 81
123 43 70
117 134 150
63 133 156
58 132 169
88 120 179
106 106 170
126 108 158
139 113 148
120 99 116
132 91 105
156 73 101
173 59 93
181 47 84
180 41 74
166 47 79
155 75 102
144 84 109
148 89 117
148 97 127
147 108 137
136 120 147
122 134 158
104 145 165
81 148 167
72 157 177
73 165 188
68 155 183
60 129 170
58 108 159
60 90 150
61 71 130
83 71 119
112 89 131
95 73 112
172 110 151
141 74 117
127 62 100
121 68 98
117 80 98
107 85 95
111 105 107
80 80 82
84 85 90
97 95 106
127 122 140
137 132 150
130 129 134
167 87 114
154 33 74
181 41 88
159 17 65
95 21 46
117 131 176
45 143 188
22 153 209
38 148 223
44 140 217
56 148 211
59 160 206
56 176 201
61 171 194
83 152 191
99 135 183
110 120 173
118 108 158
120 102 140
133 94 125
147 74 101
142 46 73
153 38 71
183 48 88
180 18 65
168 39 67
155 45 72
141 51 79
127 56 86
124 73 104
112 83 114
104 94 128
102 108 144
99 121 158
100 132 170
102 141 180
91 150 192
55 143 191
48 149 201
52 156 205
60 160 209
68 160 207
74 155 202
85 146 193
96 136 187
120 136 188
116 113 166
90 71 126
93 64 118
124 94 144
123 94 142
118 92 137
147 127 164
82 71 88
132 131 136
141 56 87
175 42 89
179 41 90
101 27 52
118 129 183
40 143 199
4 156 221
3 155 238
0 148 235
7 154 231
8 167 225
0 174 214
0 176 211
12 170 215
28 166 215
46 159 215
62 156 210
78 152 201
107 141 186
144 116 156
176 108 147
168 81 124
150 44 90
171 48 95
180 41 96
163 29 80
166 46 84
161 47 80
162 47 80
162 47 80
163 45 79
163 45 77
163 45 77
161 46 77
158 45 75
158 48 77
158 51 79
159 56 83
160 62 87
162 67 91
162 70 93
158 73 102
174 99 138
167 101 145
161 104 147
154 107 151
143 112 154
132 117 160
119 122 165
105 128 170
102 145 187
88 151 192
74 156 196
61 159 198
50 162 202
42 164 203
36 165 205
32 164 210
28 159 215
33 159 220
41 159 221
49 153 214
56 140 202
65 120 185
77 97 166
92 79 151
114 66 140
157 90 161
150 93 136
162 112 147
69 68 74
97 96 101
131 26 69
196 57 112
184 36 94
197 45 104
198 55 109
188 52 102
197 69 117
122 27 59
130 137 183
38 123 178
10 145 211
0 159 240
0 154 243
6 158 242
7 157 233
12 170 231
14 184 235
0 183 226
0 176 218
0 166 210
12 168 216
49 171 222
73 140 193
133 124 179
142 87 142
127 57 109
172 82 133
170 24 63
164 23 65
133 36 105
162 109 179
107 135 198
79 147 208
79 147 208
79 147 208
79 147 208
79 148 207
79 148 207
78 148 207
77 148 204
75 146 202
72 144 200
68 143 198
69 145 197
71 148 200
73 153 204
72 157 211
52 147 201
50 151 205
51 155 208
52 158 210
51 161 212
50 162 212
46 162 209
44 162 208
41 164 208
37 163 204
34 160 201
32 158 199
32 160 199
36 164 203
41 169 208
62 163 207
89 141 191
109 121 179
111 94 160
101 59 131
117 53 131
159 72 153
195 87 173
124 87 121
138 126 146
113 112 118
124 123 129
137 136 141
150 43 89
200 58 116
197 53 112
183 41 99
189 47 105
190 47 103
197 54 108
120 31 61
51 129 177
27 155 218
0 141 221
0 161 249
0 151 244
10 156 242
26 177 248
3 168 226
0 180 225
0 184 226
8 191 233
20 171 218
36 139 195
87 65 129
131 69 132
184 72 122
147 20 65
183 41 81
163 27 77
172 94 169
99 85 160
49 153 222
8 171 238
8 171 238
8 171 238
8 171 238
8 171 236
7 172 236
7 173 235
0 165 227
2 168 230
6 172 234
9 175 235
10 176 236
9 175 235
7 173 233
5 171 229
3 168 222
5 168 223
8 167 222
12 167 221
17 166 220
22 163 216
27 161 212
34 158 209
49 161 211
59 159 211
70 157 210
73 150 202
67 134 187
54 114 168
40 93 147
47 72 128
108 85 141
161 97 158
122 65 106
88 87 95
145 144 152
89 88 93
144 48 93
164 31 88
191 56 114
205 65 125
188 44 103
173 30 86
117 44 71
42 127 158
24 149 203
0 135 213
0 159 250
0 154 247
4 155 244
14 170 245
15 179 242
12 188 238
18 180 227
29 155 205
73 150 206
107 123 185
81 48 116
166 99 168
166 54 112
156 32 84
196 58 107
172 38 91
90 73 143
45 154 210
2 174 224
2 174 224
