179 104 85
183 96 77
184 88 66
183 79 54
183 73 46
184 70 43
185 70 39
181 72 41
162 71 40
169 86 54
188 107 77
209 132 104
230 156 131
183 96 77
214 113 93
234 119 100
241 115 93
249 110 89
253 107 82
255 104 80
255 103 75
255 101 72
253 104 71
242 116 76
231 118 74
227 116 73
218 110 71
207 103 66
192 95 63
177 87 60
163 85 63
200 133 116
200 113 93
178 77 55
184 79 57
221 109 87
242 121 100
247 118 97
247 111 89
243 101 79
255 110 85
255 108 81
255 106 77
255 107 74
255 108 73
255 110 73
255 114 74
255 118 74
251 113 66
250 114 66
251 116 68
250 118 70
247 119 74
243 120 79
238 122 85
231 124 92
215 120 92
174 92 70
175 106 88
173 100 83
163 71 48
234 115 85
227 92 60
247 108 75
255 125 93
254 107 74
251 100 69
255 113 82
255 113 80
255 109 74
255 108 72
255 105 66
252 103 63
250 105 61
249 108 63
250 114 66
253 115 68
254 109 62
255 111 64
255 113 66
255 113 66
255 111 64
248 107 62
239 103 61
230 101 61
236 116 79
236 126 91
225 126 94
200 113 85
168 91 65
167 99 76
178 91 72
231 130 112
221 110 82
247 126 79
253 128 70
252 123 66
245 111 56
246 109 57
255 118 68
255 116 67
246 98 50
255 110 63
254 109 62
251 109 63
246 108 61
244 109 61
241 111 61
239 113 63
241 113 64
247 108 67
254 108 69
255 110 70
255 112 70
255 112 69
255 110 65
255 108 62
253 107 60
255 120 72
248 112 64
232 104 55
232 111 64
232 120 74
221 114 68
201 100 54
165 89 55
177 115 94
163 86 60
219 128 99
245 142 109
228 118 83
229 117 71
231 118 52
246 133 57
244 126 54
246 123 55
255 135 70
255 126 65
246 110 50
253 117 59
245 109 51
246 111 55
248 115 58
252 118 63
251 120 66
250 120 68
249 119 69
249 117 69
255 119 77
255 115 77
255 111 72
255 108 65
255 106 63
255 106 60
255 107 59
255 110 60
255 108 57
255 112 60
255 122 68
249 112 58
246 112 57
253 122 68
244 115 60
223 118 73
179 89 62
187 80 44
245 132 88
251 140 85
241 133 71
253 151 85
255 161 88
246 147 64
248 146 61
253 143 64
255 141 68
255 139 70
255 138 71
255 137 71
255 137 71
250 125 58
247 122 55
245 118 51
243 114 48
246 110 50
254 110 57
255 111 61
255 115 68
249 114 66
247 115 67
250 114 66
253 111 65
255 110 63
255 108 63
255 107 60
255 107 60
253 107 58
254 110 60
253 111 63
249 109 60
246 104 56
250 105 58
255 112 65
254 124 72
210 121 55
197 132 66
146 89 36
176 128 90
200 132 109
197 104 71
226 113 71
255 140 89
255 146 85
252 131 60
253 140 62
255 154 70
238 140 53
246 148 57
247 148 57
251 144 62
254 142 66
255 141 68
255 139 70
255 139 70
255 139 70
252 136 61
250 134 57
247 130 53
247 123 51
250 116 52
254 111 53
255 106 56
255 107 57
249 115 64
246 116 64
250 114 64
253 111 63
255 109 63
255 107 63
255 106 62
255 106 62
255 114 68
255 110 63
248 108 59
248 108 59
252 112 63
255 113 65
254 109 62
238 112 51
219 131 42
205 139 45
220 161 81
206 156 93
205 123 86
208 110 63
248 135 77
255 151 84
255 142 68
255 132 52
255 137 54
255 145 59
253 143 54
251 146 55
251 145 57
255 143 61
255 141 64
255 140 66
255 140 68
255 141 68
255 142 66
255 146 67
255 146 64
253 142 61
252 136 59
251 127 57
249 117 53
249 108 52
245 104 51
250 114 64
249 114 66
253 112 66
255 109 65
255 107 63
255 105 63
255 104 60
255 104 60
255 113 67
255 111 63
250 110 59
247 113 60
245 119 61
242 122 62
236 117 57
216 119 48
206 150 55
224 189 87
192 162 63
208 183 91
157 147 78
197 113 76
241 145 94
252 147 82
255 148 74
250 135 54
249 130 44
255 141 54
255 136 50
255 135 49
255 154 68
255 143 57
255 143 59
255 141 61
255 140 62
255 140 64
255 141 64
255 141 64
254 143 62
254 149 66
253 151 66
252 150 66
253 146 66
254 138 65
250 127 59
247 117 55
246 109 54
254 112 64
255 111 66
255 110 66
255 108 65
255 108 63
255 107 63
255 105 60
255 104 60
255 104 58
255 109 61
255 115 62
247 118 60
232 120 54
221 127 55
219 137 61
209 152 63
205 184 77
203 200 83
196 195 77
189 190 73
184 186 76
193 198 98
180 183 102
223 131 92
243 137 85
255 151 82
246 135 54
255 162 72
255 153 58
245 135 38
255 143 50
255 145 55
255 134 50
255 140 58
255 141 59
255 141 61
255 140 61
255 140 61
255 140 61
255 140 61
255 143 59
253 144 59
248 147 59
247 149 60
249 151 64
251 151 66
253 146 68
252 138 65
252 131 62
255 121 63
255 107 64
255 105 67
255 109 66
255 110 65
250 112 63
252 112 61
255 109 60
255 106 58
255 105 57
255 108 57
255 112 56
244 119 55
223 130 53
211 147 59
204 168 71
195 187 78
187 203 79
162 192 58
162 190 53
182 206 68
178 200 65
169 185 60
177 189 81
180 186 100
229 135 97
242 132 81
253 134 66
255 137 56
253 138 47
255 161 62
255 155 54
242 140 42
251 146 55
255 146 64
252 136 59
254 136 62
255 141 66
255 140 66
255 140 64
255 140 61
255 140 59
255 141 57
255 143 55
253 145 55
245 144 52
244 146 55
244 149 59
247 148 63
252 147 66
255 143 67
255 140 68
255 134 70
255 108 62
255 105 66
255 108 66
255 110 63
252 112 61
250 113 59
251 111 58
252 111 57
255 116 60
249 115 52
237 118 49
227 132 52
218 155 62
210 175 73
199 189 78
185 199 76
156 193 54
158 206 60
165 209 60
170 208 60
174 206 60
175 202 63
181 200 74
189 201 91
189 195 107
214 126 90
232 125 73
255 155 89
255 159 79
255 141 51
255 155 58
255 149 49
237 140 43
233 142 51
239 150 68
239 148 77
237 142 78
242 142 80
248 143 77
253 142 73
255 141 68
255 141 62
255 141 57
255 142 54
255 144 52
254 145 52
250 147 54
247 146 54
245 145 57
245 143 58
251 142 60
255 141 64
255 141 66
255 140 73
249 115 60
253 112 66
255 111 64
255 108 61
255 107 59
255 109 58
252 111 55
242 117 53
232 128 55
218 136 52
208 149 55
205 168 64
206 184 73
203 194 77
195 193 74
182 195 64
174 214 66
169 220 67
161 207 56
152 194 46
170 205 61
179 210 70
172 198 62
175 196 67
185 200 81
189 200 95
177 183 95
204 115 83
243 141 93
255 146 83
255 141 63
255 132 42
255 138 43
248 138 41
246 147 54
242 153 69
230 152 77
222 151 85
224 155 98
219 151 102
211 137 88
236 147 91
244 144 82
248 143 75
253 143 68
255 143 59
255 143 54
255 143 50
255 144 50
255 149 58
255 147 57
249 143 57
248 139 56
249 136 56
255 137 59
255 139 61
255 141 69
240 120 59
243 118 64
250 114 62
255 111 59
255 110 58
253 112 56
241 117 53
224 127 50
199 134 44
195 157 56
195 184 69
195 199 78
192 202 77
187 198 70
185 191 65
179 192 60
168 202 56
158 201 51
174 213 68
177 214 72
168 202 63
167 200 59
167 199 54
173 201 56
172 197 53
173 195 60
176 191 72
180 190 94
177 99 77
214 113 83
229 122 78
253 140 82
253 137 60
247 129 41
255 147 52
255 145 50
255 156 68
230 140 62
223 145 79
236 169 124
217 135 79
244 154 91
243 145 72
255 159 77
243 132 42
255 152 59
255 140 47
255 143 54
255 142 57
255 142 61
255 140 61
255 139 62
255 139 61
255 138 59
255 139 65
251 136 69
248 134 72
246 126 65
241 117 55
234 112 47
227 119 47
222 137 56
214 155 61
209 182 75
191 192 73
178 199 72
171 203 68
171 203 66
174 202 66
181 199 65
182 198 65
179 199 65
178 200 65
177 200 66
175 201 66
172 203 65
171 204 61
171 205 56
171 206 50
187 223 63
148 182 26
181 208 67
187 205 85
182 188 98
216 115 147
195 137 113
202 103 72
238 119 79
247 127 74
255 141 72
255 142 57
252 139 45
255 151 55
242 143 52
238 148 72
234 158 96
225 150 93
225 138 69
247 148 67
255 147 60
255 138 48
255 136 47
255 145 60
255 142 62
255 139 62
255 138 62
255 137 60
255 139 60
255 141 58
255 143 64
253 142 70
244 139 71
235 134 62
221 129 52
209 131 48
205 144 53
208 166 66
206 185 76
191 192 73
179 198 72
171 203 68
167 205 66
167 206 65
168 205 65
171 204 63
177 200 66
185 195 72
188 193 73
185 195 72
181 198 66
175 202 61
172 205 56
170 207 49
168 209 45
156 199 34
178 218 59
176 208 62
158 181 51
175 188 80
218 115 144
249 105 154
211 114 147
198 142 119
166 85 55
226 110 71
255 130 78
255 137 71
255 142 64
255 146 57
254 150 55
250 152 63
226 139 60
216 142 81
228 170 122
212 138 75
238 146 71
255 153 69
253 135 47
255 136 50
255 139 58
255 140 63
255 141 66
255 142 68
255 143 66
255 143 61
253 143 54
251 143 55
251 141 64
243 146 69
228 153 69
209 159 64
190 167 61
182 181 65
185 196 74
189 208 82
181 198 70
181 198 68
181 198 66
177 201 65
171 204 65
164 208 63
157 211 63
164 206 68
185 193 82
193 188 84
189 192 75
184 197 65
178 202 52
174 206 45
170 209 42
167 210 43
167 212 51
163 203 52
150 184 45
155 173 53
177 187 75
202 208 100
215 110 143
214 109 139
222 113 144
228 113 146
254 108 155
248 102 149
224 105 143
172 90 66
217 114 81
242 118 67
255 139 75
255 142 67
255 138 55
255 146 54
254 153 63
240 149 68
217 139 73
229 168 123
221 158 104
238 154 82
242 141 61
255 148 63
255 140 56
255 131 54
255 135 61
255 142 70
255 149 74
252 151 69
244 150 62
235 147 49
228 144 46
234 150 60
234 163 71
227 182 81
215 194 85
194 202 81
178 204 77
171 207 75
171 207 73
174 201 68
177 200 66
179 199 65
178 200 65
171 204 63
164 208 63
156 212 61
163 207 68
184 193 84
192 189 86
188 193 73
184 198 61
178 203 49
174 206 43
170 209 42
168 208 47
167 207 56
175 214 71
164 197 64
162 191 62
195 217 90
177 194 64
182 195 63
171 184 68
205 108 143
218 109 141
246 109 153
231 106 146
212 102 137
208 115 146
182 100 78
216 110 84
237 118 78
247 124 65
255 143 69
255 144 64
254 134 48
255 142 54
250 148 64
231 144 75
221 151 99
225 147 83
232 134 59
255 155 75
255 138 58
255 134 57
254 136 62
247 140 68
240 147 70
231 154 66
225 159 62
220 164 55
213 166 52
217 181 69
217 194 80
220 208 90
215 213 92
200 212 86
184 207 77
172 202 68
168 202 64
168 205 66
168 205 65
170 204 65
170 205 63
170 205 63
168 205 63
167 206 61
171 203 66
179 197 77
182 195 79
181 198 68
178 201 59
175 204 50
174 206 47
172 206 49
171 206 54
185 218 77
164 196 63
176 207 78
165 194 66
166 192 59
196 220 80
162 188 39
203 225 91
230 111 143
231 113 145
234 112 149
224 108 143
202 98 131
181 83 58
228 103 75
244 111 68
248 129 61
255 144 63
255 144 58
252 132 46
254 138 55
247 141 67
229 143 84
209 137 78
236 142 70
255 147 69
255 133 56
255 144 71
255 143 71
238 142 68
223 146 66
214 158 65
213 172 66
216 187 67
213 200 72
210 213 84
207 220 89
208 221 90
202 217 86
192 209 77
181 203 69
175 201 66
172 203 65
168 205 65
167 206 65
167 206 63
167 206 63
170 205 63
172 203 63
174 203 61
174 203 63
171 203 66
171 204 65
171 204 61
172 204 59
172 204 58
174 204 58
174 203 61
174 202 65
176 202 69
187 212 84
158 185 56
175 202 71
164 195 57
164 196 51
181 216 64
169 200 60
175 194 86
234 110 147
242 112 150
243 113 149
235 110 144
228 109 141
226 113 143
220 115 145
209 104 135
229 119 94
246 105 75
255 130 84
248 138 63
248 147 59
255 146 58
255 134 51
255 137 60
246 134 68
235 145 95
225 156 101
240 147 78
248 138 63
255 139 62
255 145 72
252 148 75
238 155 79
226 164 81
217 179 80
212 195 81
211 211 81
207 221 82
195 226 86
193 230 90
196 229 90
193 221 84
186 210 74
179 201 66
177 199 64
176 200 62
174 203 63
172 203 63
171 204 63
171 204 63
172 203 63
175 202 63
178 200 63
172 204 58
161 212 49
157 214 47
160 211 54
164 208 61
168 204 70
172 201 75
177 199 75
178 198 75
178 197 71
169 189 56
184 208 70
167 196 54
169 203 57
157 195 48
170 212 66
158 194 58
177 200 86
165 180 89
221 105 142
244 110 147
228 104 138
213 100 130
200 100 128
185 134 105
198 114 78
221 105 68
255 129 93
255 132 82
252 142 65
247 147 59
255 147 61
255 139 56
255 142 65
238 136 72
228 154 109
220 154 80
227 146 64
244 158 71
229 147 63
230 158 73
231 175 88
230 194 98
225 208 102
216 217 98
206 221 90
196 225 85
179 220 79
183 228 85
193 232 91
195 228 89
190 216 80
181 205 69
174 196 61
171 193 58
175 201 65
174 203 63
172 203 63
172 203 63
174 203 63
175 202 63
178 200 63
172 205 56
158 214 43
153 218 40
157 213 50
163 209 59
168 204 70
172 200 77
177 198 77
179 197 75
169 186 58
173 193 59
180 205 62
177 207 61
173 207 61
160 199 54
156 200 55
180 217 85
181 206 89
175 191 102
212 111 145
233 111 148
217 96 131
214 99 132
203 98 129
169 99 48
197 103 42
240 124 65
255 120 70
255 124 68
255 146 69
246 136 51
255 141 62
251 140 61
238 142 58
229 157 85
188 167 86
198 174 76
205 181 75
226 204 93
223 205 93
218 208 95
212 211 95
206 214 95
202 216 95
198 219 92
194 221 92
191 224 93
191 223 90
188 218 86
200 227 94
190 217 84
172 200 64
172 200 64
174 202 66
172 203 65
172 203 65
172 203 65
172 203 63
174 203 63
174 203 61
171 205 58
163 211 50
160 213 47
163 211 50
167 207 56
170 205 59
172 203 63
175 201 65
177 201 65
178 200 65
177 201 63
175 202 61
174 203 61
171 204 61
168 206 61
167 206 63
168 204 70
171 195 85
172 107 67
203 119 57
236 133 62
238 119 50
243 113 55
255 134 75
255 143 66
255 135 56
255 138 63
250 138 62
237 148 64
216 154 81
183 187 102
192 197 94
197 204 88
206 214 92
205 215 90
202 216 92
201 217 92
198 218 93
197 219 95
194 220 95
194 220 95
193 222 94
191 220 91
189 218 89
197 227 95
188 218 86
171 201 67
170 200 66
172 202 66
172 202 66
172 203 65
172 203 65
172 203 63
172 203 63
172 204 61
170 205 59
165 208 56
164 209 54
167 208 54
170 206 56
172 204 58
174 203 59
177 202 59
178 201 61
178 200 63
178 200 63
177 201 63
175 202 63
172 203 63
171 204 63
170 205 63
171 202 72
175 197 89
164 91 50
224 131 72
238 129 60
238 117 48
254 126 65
255 138 77
255 138 65
255 137 60
255 135 64
254 136 64
247 152 70
212 145 74
205 215 92
204 216 90
201 217 92
199 218 92
197 219 93
195 220 93
194 220 93
192 221 93
193 222 94
196 225 97
191 220 91
191 220 91
196 226 94
189 219 87
174 204 70
171 201 67
172 202 66
172 202 66
172 203 65
172 203 65
172 203 63
172 203 63
172 204 61
170 205 61
165 207 59
165 207 59
168 206 59
171 204 61
174 203 61
177 201 63
179 200 63
181 199 63
182 198 65
181 199 65
181 199 65
179 199 65
177 201 65
175 201 65
174 203 63
175 200 72
180 197 93
193 126 110
208 119 79
235 128 72
234 116 50
245 120 53
255 139 79
255 135 74
255 135 63
255 138 64
255 133 63
254 136 64
251 156 76
208 139 70
202 216 93
201 218 90
199 218 92
198 219 92
195 220 93
194 220 93
192 221 93
192 221 93
193 222 94
193 222 94
191 220 91
193 222 93
195 225 93
190 220 88
178 208 74
172 202 68
172 202 66
172 202 66
172 203 65
172 203 65
172 203 63
172 203 63
172 204 61
172 203 63
171 204 65
171 204 65
172 203 65
172 203 65
174 202 66
175 201 66
177 200 66
178 200 65
179 199 65
179 199 65
181 199 65
181 199 65
181 199 65
181 199 65
181 199 63
179 198 72
181 196 93
165 76 60
225 113 76
246 120 69
255 128 64
255 123 57
255 130 69
255 138 74
255 133 61
255 140 68
255 133 65
255 138 68
248 155 77
209 140 73
202 216 102
199 218 93
199 218 92
198 219 92
197 219 92
194 221 92
192 221 92
192 221 92
191 222 92
193 222 94
190 219 91
191 220 91
195 224 95
194 224 92
191 221 89
183 213 79
173 203 69
172 202 66
172 202 66
172 203 65
172 203 65
172 203 63
172 203 63
172 204 61
175 202 63
179 199 68
181 198 70
179 198 70
177 200 70
172 202 68
171 203 68
170 204 68
170 204 66
170 204 66
172 202 66
175 201 65
179 199 65
184 198 63
186 196 63
189 195 63
186 194 73
180 197 95
181 101 94
215 105 88
234 104 68
251 109 59
255 126 66
255 126 61
255 126 61
255 143 76
255 135 62
255 143 67
254 140 69
249 147 73
235 153 71
211 151 81
193 212 96
198 218 95
197 219 92
197 219 92
195 220 92
192 221 92
192 221 92
191 222 92
191 222 92
193 222 94
187 216 88
191 220 91
197 226 97
193 223 91
192 222 90
187 217 83
174 204 70
172 202 66
172 202 66
172 203 65
172 203 65
172 203 63
172 203 63
172 204 61
175 201 65
182 197 70
185 195 73
181 197 72
178 199 70
172 202 70
168 204 68
165 206 68
164 207 66
165 206 65
167 206 65
171 204 63
175 202 63
181 199 63
185 197 63
189 195 63
185 195 73
177 198 97
167 66 54
255 131 107
255 112 75
253 103 52
255 111 51
255 129 61
255 136 66
255 141 68
244 141 62
246 149 68
241 150 71
238 157 76
216 152 64
213 165 91
194 215 98
195 220 93
195 220 90
194 221 90
192 222 90
192 221 92
191 222 92
191 223 90
191 222 92
193 222 94
184 213 85
191 220 91
198 227 98
193 223 91
193 223 91
190 220 86
174 204 70
172 202 66
172 202 66
172 203 65
172 203 65
172 203 63
172 203 63
172 204 61
175 201 65
179 198 70
181 197 73
179 198 72
177 200 70
172 202 68
170 204 66
167 206 65
165 207 63
164 208 61
165 207 61
168 206 59
171 205 59
174 203 59
177 201 61
178 201 61
177 199 72
170 198 96
204 102 77
230 106 70
252 114 67
251 111 52
252 121 53
255 138 65
249 146 67
232 141 58
228 151 61
226 157 66
222 161 72
223 169 79
195 155 59
207 178 98
194 220 93
192 222 90
192 222 90
192 222 90
191 222 92
191 222 92
190 223 90
191 222 92
193 222 94
183 212 84
191 220 91
192 222 90
193 223 91
191 221 87
175 205 71
172 202 66
172 202 66
172 203 65
172 203 65
172 203 63
172 203 63
172 204 61
172 203 63
174 201 68
175 200 70
174 201 68
174 202 66
172 203 65
171 204 63
170 205 61
170 205 59
168 206 59
168 206 58
168 206 58
168 206 58
168 206 59
168 206 59
168 206 61
170 203 73
169 193 97
209 120 76
224 118 66
229 115 53
227 114 44
229 128 48
233 147 60
224 155 62
209 153 56
221 178 74
223 188 84
220 192 92
217 198 96
219 208 102
190 218 97
192 221 92
191 223 88
191 223 88
191 223 90
191 223 90
191 223 90
191 223 90
191 222 92
192 221 93
193 222 94
190 219 90
193 222 93
189 219 87
191 221 89
196 226 92
173 203 69
172 202 66
172 202 66
172 203 65
172 203 65
172 203 63
172 203 63
172 204 61
170 205 63
161 202 61
160 203 62
163 202 61
169 204 62
174 206 63
176 203 60
175 200 56
172 196 50
181 206 60
173 201 54
166 200 53
164 202 54
159 203 54
154 204 55
155 209 61
169 208 81
185 189 102
153 106 54
192 127 63
206 130 55
211 132 53
213 139 52
220 159 66
231 183 83
229 196 89
217 197 84
212 199 84
213 206 92
206 206 94
201 209 97
201 214 100
192 220 97
191 223 90
191 223 88
191 223 88
191 223 88
191 223 90
191 223 90
191 223 90
192 221 92
192 221 93
193 222 94
190 219 90
193 222 93
189 219 87
191 221 89
196 226 92
173 203 69
172 202 66
172 202 66
172 203 65
172 203 65
172 203 63
172 203 63
172 204 61
170 205 61
171 213 69
169 213 68
169 211 65
169 207 60
169 203 56
171 201 53
174 202 53
177 203 54
177 202 56
185 210 66
183 210 67
173 202 60
171 204 65
178 212 74
170 206 70
169 181 69
224 187 117
184 162 89
195 165 75
202 168 70
203 170 67
200 173 66
203 190 78
213 210 93
211 220 95
202 217 88
208 220 94
206 222 98
193 217 95
188 218 96
187 219 96
192 223 94
191 223 88
190 224 86
191 223 88
191 223 88
192 222 90
192 222 90
192 221 92
192 221 92
192 221 93
193 222 94
190 219 90
193 222 93
189 219 87
191 221 89
196 226 92
173 203 69
172 202 66
172 202 66
172 203 65
172 203 65
172 203 63
172 203 63
172 204 61
174 203 61
175 202 61
174 201 58
173 202 58
170 204 57
169 208 57
169 210 56
166 209 55
168 208 57
183 219 71
174 203 61
177 197 63
190 201 73
188 187 68
180 170 57
197 180 74
241 196 113
222 127 83
170 61 40
201 197 106
200 198 87
201 200 81
194 198 77
187 197 75
187 205 83
195 220 93
192 224 89
185 217 80
203 229 96
184 221 92
182 224 96
180 222 94
194 225 95
191 223 86
191 224 85
191 223 86
192 222 88
192 222 90
194 221 92
194 221 92
194 221 92
192 221 93
193 222 94
190 219 90
193 222 93
189 219 87
191 221 89
196 226 92
173 203 69
172 202 66
172 202 66
172 203 65
172 203 65
172 203 63
172 203 63
172 204 61
177 201 61
180 194 57
179 191 53
173 194 53
172 202 56
172 211 60
167 212 59
159 205 54
152 196 47
156 191 49
182 204 70
201 202 83
206 185 80
223 179 88
237 174 95
218 139 70
193 87 37
189 40 20
193 38 33
171 44 37
157 157 83
178 185 81
179 196 68
177 201 65
170 202 67
166 202 70
175 212 81
188 228 95
191 232 92
188 225 85
198 226 90
195 225 93
178 219 87
180 227 95
179 227 92
193 221 98
195 225 91
191 224 85
191 224 83
192 222 86
192 222 88
194 221 90
195 220 92
197 219 93
195 220 93
194 220 93
193 222 94
190 219 90
193 222 93
189 219 87
191 221 89
196 226 92
173 203 69
172 202 66
172 202 66
172 203 65
172 203 65
172 203 63
172 203 63
172 204 61
178 201 61
192 200 65
195 198 65
186 200 63
177 202 59
168 203 57
160 202 56
158 202 57
163 197 59
178 197 69
184 181 68
212 179 84
247 181 107
246 147 92
213 85 46
192 42 15
203 31 17
214 20 21
236 42 51
226 60 64
176 40 42
191 188 109
179 187 76
169 193 57
165 201 53
157 202 59
155 202 64
169 212 79
185 227 93
193 230 91
192 223 83
196 220 84
195 221 88
176 216 83
181 227 92
192 218 91
195 225 89
191 224 83
191 224 83
192 223 85
194 221 88
195 220 90
197 219 92
198 218 93
197 219 93
194 220 93
193 222 94
190 219 90
193 222 93
189 219 87
191 221 89
196 226 92
173 203 69
172 202 66
172 202 66
172 203 65
172 203 65
172 203 63
172 203 63
172 204 61
175 202 61
180 196 61
186 199 67
183 204 67
176 200 62
169 196 57
171 197 61
186 206 75
205 211 89
196 179 73
219 175 86
217 140 72
190 79 33
183 37 12
206 33 26
232 37 41
243 31 45
241 18 36
231 14 31
219 21 34
220 49 58
192 52 61
198 185 106
198 201 86
180 201 60
173 209 57
163 209 61
160 204 65
172 209 77
189 218 89
198 218 84
197 211 76
203 215 81
199 219 86
182 215 82
186 226 93
189 216 87
194 225 87
191 224 81
191 224 81
192 223 85
194 221 88
195 220 90
197 219 92
198 218 93
198 218 95
194 220 93
193 222 94
190 219 90
193 222 93
189 219 87
191 221 89
196 226 92
173 203 69
172 202 66
172 202 66
172 203 65
172 203 65
172 203 63
172 203 63
172 204 61
170 205 63
159 202 60
156 199 58
159 196 57
170 198 62
185 200 71
197 195 74
204 182 71
212 166 70
212 139 60
192 89 30
175 46 7
191 34 15
218 36 35
233 31 45
243 26 53
255 28 58
250 21 44
236 9 29
255 39 56
213 15 32
220 45 62
204 56 78
197 186 96
189 190 70
185 204 62
178 211 60
168 210 64
164 206 68
175 212 81
192 221 93
202 221 93
200 213 82
204 218 83
201 221 87
186 218 83
188 226 91
188 215 102
188 212 88
195 223 87
194 222 85
194 223 83
195 221 86
197 220 88
198 219 90
199 218 92
201 217 93
199 218 93
195 220 93
193 222 93
190 219 90
192 224 91
188 220 87
190 222 87
196 226 92
173 203 67
174 202 66
175 201 65
175 202 63
175 202 63
174 203 61
172 204 61
171 205 59
168 205 63
176 213 81
163 193 69
162 180 60
188 186 75
223 195 95
230 176 88
205 123 49
182 73 14
176 40 0
204 44 18
224 46 34
231 36 40
232 24 40
235 19 43
242 19 50
244 19 51
253 31 54
251 29 50
232 14 31
250 37 57
242 43 64
193 13 38
205 52 80
191 186 105
186 185 77
199 204 76
188 202 63
179 204 60
166 201 59
158 198 63
169 208 81
188 218 94
192 222 86
192 224 81
190 224 85
188 225 86
188 224 90
199 221 97
199 220 91
200 220 89
199 219 88
201 218 88
202 217 90
203 215 91
203 214 92
200 216 92
193 215 88
197 224 93
194 226 93
184 220 86
187 223 87
193 230 91
188 220 83
174 202 65
178 200 63
179 200 61
181 200 59
178 199 58
172 200 55
166 200 53
160 200 49
164 195 57
191 193 84
214 190 102
223 180 101
215 148 80
196 99 46
188 60 21
199 40 18
217 35 24
234 31 34
242 26 37
246 23 41
246 23 42
245 23 44
242 25 46
238 27 46
234 29 46
228 32 46
228 32 46
235 28 44
238 27 44
239 26 44
234 28 48
222 33 51
204 41 58
185 193 94
181 190 71
191 203 69
187 201 62
181 202 61
171 200 60
165 197 62
173 205 80
189 218 100
190 223 92
188 224 88
188 224 88
188 224 92
188 223 97
195 219 95
196 221 93
198 221 89
197 220 88
197 220 88
198 219 88
197 218 89
197 218 91
196 218 91
197 222 92
201 228 95
196 226 92
185 217 82
183 217 81
188 222 84
185 219 81
176 208 71
171 199 63
175 199 63
178 198 64
184 198 63
187 197 64
191 197 65
194 197 66
205 189 75
226 175 94
212 133 74
184 88 38
176 58 20
193 47 24
217 43 34
235 36 39
244 26 40
252 20 42
255 18 44
253 19 46
250 20 46
243 24 44
238 27 44
232 30 42
228 32 44
222 35 46
224 33 48
232 30 46
238 27 44
243 25 42
242 26 41
235 29 42
221 36 44
212 57 63
168 45 48
179 198 93
175 194 68
180 198 60
182 201 57
183 202 58
177 198 59
173 193 60
183 199 74
201 212 94
209 216 104
201 213 101
190 225 97
184 222 87
188 226 87
188 227 86
185 226 85
185 226 85
185 226 86
184 225 87
183 225 89
186 224 89
185 217 80
190 216 81
194 216 82
199 220 89
181 214 81
151 191 58
154 200 66
162 203 73
177 206 80
193 200 84
209 186 80
216 166 71
220 144 58
226 128 57
181 63 13
181 48 13
181 38 8
195 39 17
218 46 34
237 47 46
241 37 44
240 25 40
243 25 42
245 23 44
243 24 44
239 26 44
235 28 44
231 31 44
227 33 42
227 33 44
229 31 46
232 29 48
235 28 46
238 27 44
241 26 42
241 26 41
235 29 41
225 33 44
203 32 41
197 51 61
195 84 91
179 64 67
174 196 87
172 197 67
175 203 58
174 202 53
177 206 54
174 202 57
172 196 58
180 200 69
196 210 86
207 216 97
204 214 99
197 217 102
187 225 90
182 220 81
186 228 84
186 228 84
184 228 83
184 227 85
183 227 86
182 226 87
180 227 89
184 224 89
193 225 90
203 229 94
206 229 97
199 220 91
188 209 82
182 204 80
180 204 82
183 204 87
194 208 97
200 201 97
211 188 95
215 164 83
213 130 62
204 91 35
193 55 9
190 32 0
201 31 8
214 34 19
223 41 30
227 38 32
224 30 30
224 23 29
229 23 35
234 26 40
238 27 44
236 28 44
235 28 44
234 29 44
231 31 44
229 31 44
227 33 42
229 31 44
235 28 46
239 26 48
239 26 46
239 27 42
239 27 41
239 27 41
236 28 41
231 31 42
225 37 51
223 53 66
172 27 42
189 74 81
197 66 72
192 48 57
162 21 27
158 36 35
202 78 80
217 72 85
203 62 78
185 69 82
170 179 96
170 188 78
174 201 68
178 214 64
162 206 47
166 212 52
164 211 55
159 205 54
164 206 62
179 217 78
189 225 91
193 222 93
198 218 95
199 217 95
198 218 93
197 219 93
195 220 92
194 221 90
191 222 92
190 223 93
183 218 90
183 217 94
190 215 97
191 216 96
194 220 95
198 225 94
195 225 91
191 222 84
186 217 77
193 225 82
193 225 82
191 224 83
191 224 85
191 223 88
190 222 89
190 221 92
191 220 92
199 220 93
194 217 87
187 218 88
190 225 97
197 200 95
207 182 92
230 168 95
230 133 78
218 89 49
205 50 22
199 28 10
205 24 13
217 34 26
233 40 35
250 37 39
252 33 39
245 28 36
238 23 31
230 19 28
229 21 34
235 29 42
240 35 50
232 30 44
231 30 46
231 31 44
231 31 44
231 31 42
231 31 42
232 30 42
235 29 42
242 24 48
245 23 48
242 25 46
239 27 42
238 28 41
238 28 39
239 27 39
238 28 41
249 42 58
227 32 49
211 35 55
178 29 48
194 66 79
197 47 58
215 51 58
225 58 65
209 45 52
194 40 48
196 52 61
199 57 71
218 64 88
207 60 88
188 66 89
179 187 78
177 200 66
179 213 64
160 204 45
163 214 51
164 214 55
159 206 52
162 204 56
176 215 72
188 225 86
195 225 91
198 218 93
201 217 93
199 218 92
198 219 90
197 220 86
194 222 85
192 223 83
190 225 83
181 218 76
185 222 82
188 225 86
186 222 86
181 217 85
181 214 84
184 216 91
189 219 95
187 213 88
190 215 88
193 218 90
195 222 91
197 225 89
196 224 87
192 221 81
190 219 79
195 224 84
195 223 86
194 222 86
194 221 90
194 221 92
193 219 94
193 218 98
197 216 98
210 217 103
203 206 93
203 205 95
215 183 96
194 134 62
189 94 38
169 37 0
197 32 12
224 32 27
241 34 40
247 35 47
244 32 46
235 27 43
235 20 36
245 14 32
252 15 33
252 19 38
251 24 43
246 28 44
242 31 46
240 35 50
239 39 52
229 31 46
229 31 46
231 31 44
232 30 44
235 29 42
236 28 42
239 27 41
242 25 42
246 22 48
246 22 48
242 25 46
239 27 42
238 28 41
239 27 39
242 26 39
243 25 39
247 29 46
222 11 30
235 39 61
213 40 60
171 28 46
210 55 69
231 49 61
239 50 56
213 30 32
191 26 30
235 81 89
255 130 146
255 124 146
179 41 67
196 72 100
195 190 86
183 194 64
178 202 56
165 198 45
172 209 52
176 209 56
172 200 53
177 196 55
192 206 69
203 217 82
205 220 91
199 217 97
197 218 101
197 218 99
195 219 95
192 221 92
191 223 90
190 224 88
188 225 86
186 225 84
190 229 88
193 230 90
190 227 88
187 221 85
185 218 85
190 222 89
194 225 95
187 216 87
192 219 90
195 222 91
194 224 90
193 223 87
192 222 86
191 221 85
190 220 84
192 224 89
192 224 91
191 222 93
191 221 97
230 192 107
237 178 102
236 148 85
220 99 52
200 53 19
203 34 11
220 37 23
227 34 29
227 28 31
224 23 31
223 18 33
226 17 38
231 19 42
239 22 49
247 24 51
255 28 54
255 28 50
255 27 50
245 23 44
233 20 38
226 19 35
226 24 40
229 28 44
231 30 46
232 30 46
235 28 44
239 26 44
243 25 42
248 22 42
250 21 41
250 21 42
246 22 48
243 23 48
241 25 46
239 27 42
241 26 41
242 26 39
245 25 37
248 23 39
233 8 26
255 40 59
218 12 32
205 18 37
227 64 81
165 24 40
224 70 82
235 50 56
231 41 41
237 59 57
255 109 108
255 120 143
197 75 100
194 172 96
207 193 92
186 192 68
174 195 54
164 197 48
173 208 56
179 207 60
176 197 56
181 193 57
193 203 70
205 215 84
208 220 94
198 217 99
194 219 101
194 220 97
192 221 95
191 222 92
190 223 90
190 224 88
190 222 87
187 219 82
186 216 80
191 218 85
197 223 90
200 223 93
197 218 89
189 214 86
188 221 91
188 223 93
192 225 95
193 224 94
192 221 92
194 219 91
198 217 92
202 216 95
206 215 98
209 213 102
212 209 104
215 207 108
196 131 67
190 96 45
188 69 29
211 63 35
237 57 43
243 40 36
242 23 29
244 18 29
251 26 40
246 25 42
240 25 43
236 24 46
235 25 50
240 27 55
245 31 59
250 31 61
246 26 52
243 23 48
241 23 47
241 28 48
242 35 53
240 35 52
230 28 44
221 20 36
232 30 46
235 28 46
239 26 44
243 24 44
248 22 42
252 20 42
255 18 41
252 20 42
242 24 48
238 26 48
238 27 46
241 26 42
243 25 41
246 24 39
249 23 37
249 23 37
252 27 43
238 21 38
235 28 46
224 31 48
183 6 22
192 31 47
207 59 75
174 49 65
197 66 72
214 54 54
227 62 56
255 109 104
228 108 117
191 170 117
201 174 101
195 179 83
197 202 82
183 207 71
164 202 57
160 202 56
164 199 57
169 197 61
176 197 66
183 203 72
187 210 80
189 214 86
196 220 98
196 220 100
195 219 97
194 218 94
194 220 93
195 221 94
197 222 94
200 222 95
196 217 90
199 215 90
201 215 91
205 215 93
210 215 95
212 215 98
215 216 99
209 220 102
180 222 98
184 218 98
191 214 98
202 210 99
215 208 104
227 204 108
248 192 115
240 170 101
229 143 84
214 117 66
200 92 46
188 72 31
188 59 27
212 61 44
227 60 52
234 61 55
235 53 52
233 40 45
234 30 39
242 27 42
250 27 46
250 21 42
252 20 44
250 20 46
246 22 48
242 24 49
238 26 49
234 28 49
232 29 49
232 29 49
232 29 49
232 29 49
232 29 48
232 29 48
232 29 48
234 29 46
235 28 46
236 28 44
239 26 44
242 25 44
245 24 42
248 22 42
250 21 42
253 20 42
246 23 44
234 29 46
229 31 48
235 28 46
241 26 42
246 23 41
250 22 39
250 22 37
249 23 37
244 26 40
236 28 41
227 29 42
221 31 43
211 31 43
206 31 46
201 30 48
187 34 54
188 81 73
186 70 57
204 87 78
190 84 84
196 157 114
217 171 109
215 179 95
188 175 70
181 191 69
173 200 69
168 201 68
171 197 70
174 196 72
179 197 77
183 201 81
183 209 86
184 212 89
195 219 95
196 218 94
195 217 91
195 215 90
195 215 90
195 215 90
198 214 90
200 214 91
201 210 91
206 209 92
209 207 94
213 207 97
217 206 98
221 206 102
224 205 102
221 207 106
222 195 108
220 179 99
221 163 90
225 150 85
184 90 36
195 84 38
205 79 41
213 72 44
222 67 47
227 64 49
231 60 50
236 57 53
238 47 55
244 48 62
245 50 66
241 46 62
232 37 51
228 32 46
234 29 46
242 29 49
245 23 46
249 21 46
250 20 46
249 21 46
246 22 46
242 25 46
236 27 46
234 29 46
229 30 49
228 31 51
229 30 49
231 30 48
232 29 48
234 29 46
236 27 46
238 27 44
239 26 44
241 26 42
242 25 42
243 25 42
243 25 42
245 24 42
245 24 42
239 26 44
227 32 46
224 34 46
232 30 44
241 26 42
248 23 41
252 21 39
252 21 37
248 23 37
240 28 40
232 31 41
223 32 40
218 32 43
212 30 42
211 29 42
211 26 44
201 27 50
190 43 71
199 128 100
230 147 103
247 173 110
212 166 81
214 190 92
200 198 89
192 198 88
192 195 88
191 192 88
193 191 90
191 194 91
183 199 92
183 203 90
204 222 100
206 222 97
205 221 96
205 219 95
204 218 95
205 216 94
205 213 94
207 210 95
217 215 104
221 213 106
223 210 106
227 207 108
229 205 107
232 201 108
234 200 110
245 192 112
252 163 103
254 146 97
238 127 81
220 105 60
207 85 44
199 71 34
196 61 29
197 56 28
212 61 40
218 58 42
223 57 45
227 54 48
232 52 51
235 51 53
237 51 54
237 50 59
234 49 65
234 51 71
233 50 68
228 47 64
221 40 55
218 36 49
221 35 49
227 35 50
231 30 46
236 27 46
241 26 44
245 24 42
246 23 42
248 23 41
248 23 41
243 25 42
235 28 48
231 29 51
232 29 49
234 28 48
236 27 46
238 27 44
239 27 42
241 26 42
241 26 42
241 26 41
239 27 41
238 27 42
235 29 42
234 29 44
232 30 44
228 32 46
221 35 46
221 36 44
231 31 44
239 27 42
249 22 41
252 21 39
250 22 37
245 25 37
236 30 40
227 33 41
219 34 40
215 34 41
212 30 42
214 28 42
216 23 42
208 24 48
183 24 52
153 29 5
193 71 32
193 97 39
201 124 54
192 135 58
190 139 60
198 142 68
206 146 76
215 152 83
219 162 93
215 173 99
214 179 97
221 187 97
221 188 93
223 188 94
223 188 96
221 186 96
219 182 94
219 177 93
221 174 94
210 158 82
208 152 78
200 140 70
193 125 60
183 109 46
173 94 35
164 83 27
175 70 23
195 45 18
212 41 24
218 47 30
225 52 38
229 55 44
234 57 49
235 58 52
236 57 53
238 56 55
238 55 57
238 53 58
239 52 59
238 51 58
240 50 60
239 49 59
237 49 63
234 51 69
231 50 69
228 47 66
225 42 60
220 38 53
220 35 51
221 35 49
223 35 49
225 33 46
229 31 44
232 30 42
236 28 41
239 27 39
243 25 39
245 25 37
243 25 41
236 27 48
235 27 49
235 28 48
236 27 46
239 26 44
241 26 42
241 26 41
241 26 41
241 26 41
239 27 41
236 28 41
234 29 42
231 31 44
228 32 46
225 33 46
224 34 46
221 36 44
224 34 42
232 30 42
239 27 41
246 24 39
249 22 39
246 24 39
242 26 39
235 31 40
227 33 41
219 34 40
215 34 41
214 30 42
215 27 42
218 22 42
211 23 45
193 27 49
182 44 67
188 44 51
206 32 33
215 34 25
210 46 21
184 35 2
188 50 13
187 49 13
192 41 14
194 34 12
193 26 8
184 23 3
170 24 0
163 25 0
193 63 31
194 65 34
196 67 36
197 68 39
196 66 40
193 63 39
191 59 38
190 55 36
203 66 50
206 64 50
209 62 52
212 61 54
214 59 54
218 58 56
220 58 56
225 55 55
237 55 54
242 54 53
244 56 55
245 56 58
242 56 57
240 54 57
236 51 56
234 49 55
234 50 58
234 50 58
233 52 61
232 52 61
233 53 62
232 55 63
232 55 63
234 54 65
238 53 67
235 47 62
232 39 56
230 33 50
231 30 48
232 29 48
232 30 46
230 30 43
228 32 44
227 33 42
225 34 42
225 34 41
227 34 39
228 33 39
229 32 39
232 31 41
238 27 46
241 25 46
241 25 46
241 26 44
241 26 41
241 27 39
241 27 39
239 27 39
238 28 39
236 29 39
235 29 41
232 30 42
231 31 44
228 32 46
227 32 48
227 32 46
229 32 42
232 31 41
235 29 41
239 27 41
242 26 39
243 25 39
242 26 39
239 27 41
235 31 42
229 32 42
223 31 42
219 32 43
216 28 42
217 26 42
216 23 42
210 25 43
196 30 44
192 37 53
195 49 70
191 26 43
229 27 43
235 20 28
246 42 41
229 36 27
214 30 20
219 30 24
234 28 32
246 29 38
254 29 43
252 32 44
241 37 44
234 41 44
232 46 51
233 50 55
238 54 62
240 59 68
241 60 69
237 57 68
233 53 65
231 49 64
239 57 72
240 55 71
239 52 71
240 48 69
239 46 67
239 43 65
239 41 64
238 41 59
248 54 65
244 50 59
237 46 54
234 43 51
233 43 53
238 48 58
242 55 66
246 58 72
241 55 68
240 56 68
237 55 67
236 56 67
235 55 66
232 55 65
231 54 64
234 53 62
245 53 64
241 44 54
234 34 45
232 27 40
234 26 40
236 28 42
235 27 41
233 27 40
234 29 42
231 31 41
228 33 41
227 33 41
228 33 41
228 33 41
228 33 41
232 30 42
241 26 44
243 24 44
242 25 44
241 26 42
241 27 39
239 28 37
238 28 37
236 29 37
236 29 37
235 30 37
235 29 39
234 29 42
234 29 44
234 29 46
234 28 48
235 28 46
239 27 42
241 26 41
239 27 41
239 27 41
238 28 39
238 28 41
238 28 41
236 28 42
236 30 43
234 29 44
229 28 44
225 28 45
221 26 43
217 26 44
213 24 42
208 26 41
205 34 42
202 35 43
204 33 49
192 36 57
206 34 58
248 34 58
251 22 42
242 25 34
227 18 23
227 28 31
232 28 37
246 25 43
255 23 47
255 21 47
251 21 47
236 25 42
226 26 39
227 29 44
231 34 51
238 41 58
244 49 66
243 52 70
240 51 69
235 48 65
232 45 64
232 45 64
233 46 65
234 47 64
236 47 65
238 49 67
242 51 69
243 52 68
243 52 67
227 41 52
230 46 56
237 51 64
242 56 69
243 57 70
240 54 67
235 49 63
232 44 59
229 41 56
229 41 56
231 43 57
234 46 60
236 49 60
240 50 62
242 52 64
246 52 61
255 51 58
247 40 46
235 30 35
230 25 30
232 27 34
236 29 37
235 28 38
235 25 36
239 27 39
241 26 41
241 26 41
242 25 42
243 25 42
243 25 42
243 24 44
243 24 44
245 23 44
243 25 42
242 26 41
239 27 39
236 29 37
235 30 35
234 31 35
234 31 35
234 31 35
235 30 35
236 29 39
239 27 41
242 25 44
243 23 48
246 22 49
248 21 48
250 21 42
249 22 39
243 25 39
239 27 39
235 29 41
232 31 41
232 30 42
235 29 42
239 28 45
238 27 44
236 25 44
232 25 45
223 24 43
217 26 44
209 26 44
205 27 39
190 9 14
232 52 55
209 25 35
209 34 49
185 29 50
195 24 43
230 25 42
252 34 50
245 29 42
240 28 42
230 24 37
233 25 41
243 24 44
251 22 43
255 18 42
249 18 38
231 19 34
223 18 33
230 23 43
235 27 49
243 37 60
248 46 68
249 51 74
245 52 73
239 50 70
237 48 68
244 55 75
244 55 75
243 54 74
242 53 73
241 52 70
240 51 69
239 50 68
238 52 66
241 55 68
239 53 66
236 50 63
234 48 62
233 47 61
234 48 62
236 50 64
237 51 65
244 56 71
245 54 70
244 53 68
243 51 66
242 47 61
240 45 59
240 44 56
243 41 53
255 50 59
252 38 46
237 26 33
231 21 30
234 24 33
238 28 37
238 26 38
237 23 35
243 25 41
245 24 41
248 22 42
249 22 42
250 21 42
250 21 44
250 21 44
249 21 44
246 23 42
245 24 41
242 26 39
239 28 37
236 29 37
234 31 35
232 32 35
232 32 35
232 32 35
234 31 35
236 29 37
239 27 41
243 25 42
246 23 44
248 22 46
249 21 46
249 22 42
246 23 41
242 26 41
238 28 41
235 29 41
235 29 42
236 28 42
238 27 44
243 26 45
242 25 46
239 23 47
233 23 48
223 24 47
214 26 48
205 28 48
204 27 43
217 30 37
204 13 18
223 33 43
208 25 43
191 21 47
198 35 40
207 34 28
234 49 46
228 31 40
232 27 44
234 28 51
234 28 48
234 30 41
239 28 34
252 23 26
250 24 26
236 30 30
232 32 35
234 21 39
240 24 48
242 33 55
244 40 63
243 47 67
241 50 68
238 49 69
237 48 68
234 45 67
236 44 67
238 44 68
239 45 69
238 46 71
237 47 72
236 48 72
238 49 69
241 48 65
243 48 62
243 48 62
241 49 64
240 49 64
238 50 64
237 51 64
237 51 64
238 52 65
238 52 65
239 52 63
240 50 62
241 49 62
243 48 62
244 48 62
247 45 61
239 26 44
242 25 44
242 25 44
242 25 44
242 25 44
242 25 44
242 25 44
243 24 44
245 24 42
246 23 42
248 22 42
248 23 41
249 22 41
249 22 41
249 22 41
249 22 41
246 24 39
245 25 37
243 26 37
241 27 37
238 28 37
235 30 37
234 30 37
232 31 37
232 31 37
234 30 37
235 30 37
236 29 39
238 28 39
239 27 39
241 26 41
238 28 41
232 31 41
231 31 42
234 29 42
236 28 42
241 26 42
243 25 42
248 22 44
249 21 44
243 16 43
243 20 47
241 24 53
234 27 57
221 28 55
213 30 58
206 34 60
210 34 55
221 29 42
209 11 24
212 19 40
222 39 67
195 31 65
163 26 34
200 35 33
206 36 23
230 49 40
226 29 39
232 22 47
239 24 57
238 25 55
232 30 44
236 29 37
249 24 30
249 24 30
234 30 37
231 31 41
237 25 40
242 25 44
240 32 48
240 39 55
237 45 58
237 49 63
237 51 64
237 51 65
237 49 64
237 48 66
239 48 66
239 47 68
237 48 68
236 49 68
235 50 68
236 49 66
243 48 64
244 48 62
243 48 62
241 49 62
240 50 62
238 51 62
237 51 62
236 52 62
234 50 60
236 52 62
240 54 65
245 55 67
244 52 65
242 47 61
238 42 56
239 37 53
236 27 46
239 26 46
239 26 46
239 26 44
239 26 44
239 26 44
241 26 44
241 26 42
242 25 42
242 25 42
243 25 41
243 25 41
243 25 41
243 25 41
245 24 41
245 24 39
246 24 37
245 25 35
241 27 35
238 29 35
235 30 37
234 30 37
234 30 39
235 29 39
238 28 39
239 27 39
239 27 41
239 27 41
239 27 41
236 28 41
235 29 41
231 31 42
228 32 44
228 32 44
232 30 44
236 28 44
242 25 42
246 23 42
249 22 42
249 22 42
255 29 51
245 25 50
231 19 42
218 16 40
216 24 47
215 33 55
205 29 50
195 18 38
208 17 33
221 28 47
221 32 62
204 28 64
173 26 32
214 30 30
221 28 21
241 39 37
235 20 38
240 15 49
249 18 64
246 19 64
241 23 58
241 24 53
249 20 51
246 21 55
232 26 62
228 29 58
237 29 43
239 30 36
236 33 37
233 37 41
231 42 44
232 48 50
233 53 54
235 55 58
240 57 61
239 56 61
239 56 61
238 54 62
237 53 61
234 53 60
232 53 59
233 52 61
238 51 62
241 49 62
240 50 62
238 51 62
237 51 62
236 52 62
234 53 62
234 53 62
230 49 58
236 52 62
241 55 66
244 57 68
244 52 65
239 44 58
232 36 50
228 30 43
231 32 39
231 32 37
231 32 37
231 32 37
232 31 37
232 31 37
232 31 37
232 31 39
234 30 39
234 30 39
235 29 41
235 29 41
235 29 41
235 29 41
236 28 41
239 27 41
243 26 37
242 27 35
238 29 35
234 31 35
229 33 37
229 32 39
234 30 41
239 27 42
246 23 42
250 21 44
253 19 46
250 20 46
245 23 48
238 26 48
231 30 49
229 30 49
232 29 49
235 27 49
236 27 48
238 27 46
241 26 44
241 26 42
242 26 41
241 27 39
249 38 47
237 27 38
229 25 34
229 29 39
220 26 35
207 17 25
207 22 28
217 33 43
219 38 55
211 33 59
216 41 74
185 18 61
204 52 99
203 131 135
178 28 37
218 27 32
229 25 24
245 32 36
235 18 35
239 16 45
248 19 60
246 19 62
241 23 57
241 23 55
245 21 55
242 22 60
229 27 67
228 29 62
240 32 45
241 31 32
236 30 32
232 32 32
230 36 36
231 43 41
235 50 48
237 53 51
242 58 58
242 58 58
241 57 59
240 56 58
238 55 57
236 53 55
234 54 57
233 52 57
237 52 60
238 51 62
238 51 62
237 51 62
236 52 62
234 53 62
234 53 62
234 53 62
234 53 62
237 53 63
238 52 63
238 51 62
237 45 58
234 39 53
229 33 47
226 29 39
232 31 37
234 31 34
234 31 34
234 31 35
234 31 35
234 30 37
232 31 37
232 31 39
231 31 41
231 31 42
231 31 44
231 31 44
229 31 46
229 31 46
229 31 46
234 29 46
242 25 42
243 25 41
238 28 41
232 31 41
229 32 42
229 32 42
234 29 44
239 26 44
246 22 46
250 20 46
252 20 46
249 21 48
242 24 48
235 28 48
227 32 48
227 32 49
236 27 49
242 24 49
241 25 46
239 26 44
238 27 42
236 29 39
235 30 37
234 31 35
230 30 32
233 35 36
236 40 41
234 38 40
224 28 30
216 21 25
222 27 31
227 40 49
196 22 45
200 35 69
210 49 99
222 93 149
173 31 47
216 25 40
229 25 32
240 31 36
228 24 33
230 25 38
236 27 46
238 27 46
235 29 42
235 29 41
238 27 42
235 28 46
228 30 53
229 30 49
243 32 41
247 28 34
241 26 31
237 27 30
236 30 34
238 35 38
240 41 44
241 45 47
247 53 54
246 51 55
245 52 55
245 52 55
242 51 56
242 51 56
241 50 55
240 51 57
237 52 60
237 51 62
236 52 62
236 52 62
234 53 62
234 53 62
234 53 62
234 53 62
241 57 67
237 53 63
232 46 57
230 40 52
227 35 48
228 33 47
229 33 47
236 31 46
245 24 41
249 22 39
248 23 39
246 23 41
245 24 41
243 25 42
241 26 44
238 27 46
236 27 48
234 28 49
232 28 51
229 30 53
228 30 55
227 31 55
225 31 55
231 28 55
242 23 53
245 22 51
241 25 49
236 27 49
234 28 49
234 28 48
234 28 48
235 28 46
238 27 46
239 26 44
238 27 42
236 28 41
231 31 41
227 33 41
221 36 41
225 34 41
241 26 42
246 23 42
243 25 42
241 26 41
236 29 39
232 31 37
229 33 35
227 35 34
217 27 26
234 44 43
235 45 45
221 28 29
221 24 31
236 37 44
232 31 41
204 13 31
193 28 60
235 76 130
246 90 153
240 91 159
177 27 56
220 20 48
238 23 41
243 29 39
226 30 34
228 35 38
229 33 37
232 32 35
232 32 32
234 32 32
235 31 32
234 31 35
229 32 41
232 30 42
243 27 40
246 24 37
245 25 37
242 25 36
242 26 37
241 30 39
241 34 44
240 36 45
244 43 51
243 44 51
242 45 54
243 46 55
244 47 57
245 48 58
246 49 59
244 50 59
238 51 60
237 51 62
236 52 62
236 52 62
236 52 62
236 52 62
236 52 62
237 51 62
240 54 65
236 49 60
230 40 52
224 32 45
224 28 42
227 29 44
233 32 48
241 34 50
245 24 41
249 22 39
248 23 41
246 23 41
245 24 42
243 25 42
242 25 44
239 26 46
238 26 48
235 27 49
234 28 51
232 28 51
229 30 53
228 30 55
228 30 55
231 29 53
241 25 49
243 23 49
239 26 48
236 27 48
235 28 48
234 29 46
234 29 46
234 29 44
235 28 44
236 28 42
236 28 41
235 29 41
234 30 41
231 31 41
228 33 39
231 32 39
238 28 39
241 27 37
239 28 37
238 28 37
235 30 35
232 32 35
229 33 37
227 34 37
223 32 37
223 33 41
227 37 47
227 36 51
218 27 45
207 15 36
208 16 39
207 26 57
210 50 96
247 95 152
190 17 62
233 10 57
252 16 52
252 24 47
232 31 39
230 42 40
227 35 32
229 34 28
232 33 26
235 32 25
235 32 26
235 31 30
236 29 35
238 28 39
239 22 39
241 22 44
245 23 46
247 25 48
245 26 48
244 27 48
240 27 47
236 27 46
238 32 52
236 35 53
236 38 55
239 41 58
242 44 61
247 46 64
250 47 66
248 50 67
241 49 62
238 51 62
238 51 62
238 51 62
240 50 62
240 50 62
240 50 62
241 49 62
238 43 57
236 40 54
232 34 49
230 29 45
228 27 43
231 29 45
236 31 48
238 33 48
234 30 39
234 30 37
234 30 37
234 30 37
234 30 37
235 30 37
235 29 39
235 29 39
235 29 39
235 29 41
236 28 41
236 28 41
236 28 41
236 28 42
236 28 42
236 29 39
238 29 35
236 30 34
235 30 35
232 32 35
231 32 37
232 31 37
234 30 39
235 29 41
239 27 42
242 25 42
246 23 44
248 22 44
249 21 46
250 20 46
249 21 48
242 25 44
229 33 35
225 36 32
228 34 32
231 33 34
234 31 35
235 29 39
236 28 42
235 28 46
233 27 50
222 22 50
224 30 64
227 41 78
209 30 70
185 14 56
200 35 78
234 73 123
238 84 144
188 17 61
232 10 59
255 16 58
255 23 53
237 33 44
234 44 44
227 35 32
231 33 30
236 30 30
239 29 30
238 29 34
239 28 37
242 26 41
242 25 44
234 21 43
235 23 46
242 26 50
246 28 53
247 27 53
244 26 51
237 23 47
232 23 45
230 27 47
229 30 49
230 35 52
234 39 56
239 42 60
246 45 64
250 47 67
252 49 69
244 47 64
243 48 62
243 48 62
243 48 62
244 48 62
244 48 62
245 47 62
247 46 62
235 33 49
234 32 48
236 31 48
237 30 48
237 30 48
237 28 47
237 28 47
236 29 45
231 31 42
229 32 42
229 32 41
231 31 41
231 31 41
232 31 41
234 30 39
235 29 39
235 29 39
236 29 37
238 28 37
238 28 37
239 28 35
239 28 35
241 27 35
239 28 34
239 29 32
238 29 32
235 31 32
234 31 34
232 32 34
232 32 35
232 31 37
235 29 39
238 28 41
242 25 42
246 23 42
249 21 44
252 20 46
255 18 46
255 17 46
249 21 44
234 30 39
225 35 37
227 34 39
227 33 41
225 33 44
224 33 48
222 33 53
220 34 58
208 25 56
218 38 77
213 37 83
191 23 74
192 29 86
218 58 118
241 85 148
246 91 159
241 82 164
179 32 58
209 11 47
236 11 51
239 11 44
228 23 38
220 26 34
233 34 41
238 31 41
247 26 44
249 22 49
244 23 54
246 22 59
248 19 62
245 21 58
235 29 52
223 25 42
229 23 43
238 29 50
240 27 49
232 19 41
229 17 39
231 25 45
222 25 42
223 31 46
223 35 49
222 34 48
222 31 46
227 30 47
235 34 52
242 39 58
238 36 52
237 36 52
238 36 52
237 35 51
239 34 51
239 34 51
239 32 50
240 31 50
237 26 45
237 26 45
239 26 46
239 26 46
239 26 46
241 25 46
242 26 47
240 27 49
238 25 53
236 26 55
236 26 53
236 26 51
236 26 51
236 27 49
238 26 48
238 27 46
243 32 49
242 31 46
242 30 44
239 27 39
237 26 35
235 24 31
233 22 29
234 20 28
241 23 37
241 23 39
241 25 40
240 25 40
237 27 40
234 28 40
231 30 40
231 30 40
228 27 37
236 32 41
232 26 36
237 27 38
249 33 46
242 20 35
240 13 30
255 32 52
238 9 40
238 14 48
237 28 59
233 39 66
206 30 53
188 30 53
175 33 55
186 56 80
193 68 98
208 70 129
240 91 159
195 22 50
231 21 58
241 20 55
236 30 50
232 35 45
229 28 36
236 26 39
245 21 45
249 22 52
244 24 60
245 26 66
248 26 67
245 30 64
227 30 48
230 36 47
233 31 45
229 21 37
236 19 38
247 28 48
249 34 52
240 32 46
233 33 44
223 29 38
217 27 35
223 33 41
235 39 49
239 37 49
231 23 37
220 9 24
238 30 46
237 30 48
238 29 48
240 29 48
239 28 47
240 27 47
241 25 46
241 25 46
243 26 47
243 26 47
243 26 47
242 25 46
242 25 46
241 24 45
241 24 45
240 24 48
243 28 61
243 28 62
243 28 62
243 28 61
243 28 59
243 29 57
243 29 55
243 29 53
239 26 46
240 27 45
241 29 44
242 30 44
243 31 43
244 33 42
245 34 41
249 33 44
250 22 45
249 21 46
243 21 44
238 22 43
233 24 43
232 27 44
232 30 46
235 30 47
239 32 50
230 21 40
238 31 49
230 29 45
210 18 31
226 42 52
232 57 62
197 27 40
204 35 66
191 29 68
184 51 82
202 102 126
182 33 55
220 26 63
233 19 57
234 26 50
235 30 43
229 30 33
233 28 33
241 23 37
240 23 40
232 27 44
227 29 46
227 31 43
226 32 41
225 34 41
230 35 41
242 35 45
252 34 48
255 30 47
255 24 42
248 20 35
241 19 32
240 26 34
231 24 30
226 23 27
230 27 31
242 33 38
252 35 43
255 32 43
255 30 44
241 24 41
237 26 45
237 24 44
239 23 44
240 23 44
239 22 43
240 21 43
240 21 43
246 27 49
246 27 49
245 26 48
243 26 47
241 24 45
239 23 44
238 22 43
236 23 45
234 21 49
232 22 51
232 22 51
232 22 49
232 22 47
234 22 45
234 22 45
234 22 44
237 26 45
237 26 43
236 25 40
235 25 38
235 25 36
234 24 33
233 23 32
238 20 36
255 28 58
255 24 58
245 25 53
233 25 51
224 26 49
225 27 52
233 26 56
242 24 59
238 7 49
250 17 62
247 24 68
228 30 65
198 36 60
196 27 70
202 27 56
206 29 47
214 41 45
219 39 42
232 32 43
237 30 46
231 33 46
231 35 45
231 37 38
228 38 38
212 27 32
220 30 38
234 33 43
246 30 45
254 25 45
254 21 42
247 16 34
238 11 28
255 39 50
248 38 47
241 36 43
240 33 41
245 30 38
251 27 38
255 22 37
254 22 38
242 24 41
238 25 45
239 23 44
240 23 44
240 23 44
240 21 43
240 21 43
240 21 43
247 28 50
247 28 50
244 27 48
242 26 47
238 25 45
236 25 44
232 23 42
231 24 42
236 29 45
236 29 45
236 29 45
236 29 45
237 29 45
237 29 43
237 29 43
239 28 43
236 24 39
236 24 39
238 26 41
241 26 41
243 28 43
245 30 45
246 31 46
248 31 50
254 31 60
246 28 60
228 28 56
214 27 54
201 29 55
195 32 59
195 36 66
196 38 73
201 42 83
194 43 86
178 43 50
202 31 49
219 25 49
227 23 46
234 23 42
238 24 32
231 27 34
212 35 45
218 46 60
228 39 57
227 23 46
239 20 48
255 33 63
255 37 64
249 29 55
234 25 46
223 22 40
219 21 36
229 28 44
245 36 55
254 32 53
249 15 40
234 2 26
244 25 47
240 27 47
239 26 46
241 25 46
242 25 46
241 24 45
241 24 45
241 24 45
243 27 48
241 28 48
239 28 47
236 27 46
234 29 46
231 29 45
229 28 44
229 29 39
233 34 31
235 34 27
235 34 27
236 33 29
237 31 31
