146 145 150 1
126 125 131 1
114 113 119 1
109 108 114 1
134 133 139 1
119 118 123 1
142 141 146 1
105 104 109 1
118 117 122 1
148 147 152 1
145 144 149 1
151 150 155 1
88 87 92 1
137 136 141 1
86 85 90 1
144 143 148 1
73 72 77 1
136 135 140 1
83 82 87 1
129 128 133 1
96 95 100 1
124 123 128 1
106 105 110 1
121 120 125 1
145 144 152 1
90 89 94 1
122 121 126 1
148 147 155 1
85 84 89 1
124 123 128 1
149 148 156 1
82 82 84 1
123 121 126 1
110 109 117 1
96 95 100 1
139 136 145 1
140 137 144 1
146 143 150 1
141 135 145 1
122 116 126 1
104 96 107 1
110 104 114 1
97 85 97 1
154 148 158 1
147 141 151 1
114 111 118 1
157 150 157 1
124 108 121 1
98 86 98 1
109 106 113 1
150 145 151 1
125 107 121 1
162 141 156 1
132 114 128 1
146 132 145 1
117 116 122 1
138 133 139 1
130 106 122 1
89 66 82 1
136 135 141 1
131 126 132 1
144 123 138 1
156 127 145 1
166 137 155 1
149 125 141 1
92 91 97 1
115 110 116 1
94 70 86 1
102 71 89 1
146 145 151 1
115 113 118 1
109 80 98 1
133 102 120 1
107 106 112 1
112 110 115 1
129 96 115 1
130 95 115 1
101 100 106 1
142 142 144 1
98 97 102 1
100 99 104 1
106 105 110 1
130 129 134 1
137 136 141 1
141 140 145 1
154 153 158 1
134 133 138 1
124 123 128 1
92 91 96 1
84 83 88 1
143 142 147 1
106 105 110 1
146 108 129 1
139 108 126 1
133 132 137 1
127 127 127 1
101 101 101 1
133 133 133 1
145 144 150 1
113 112 118 1
126 125 131 1
141 140 145 1
102 101 106 1
155 113 135 1
109 76 95 1
88 87 92 1
113 113 113 1
133 133 133 1
94 94 96 1
128 128 128 1
97 96 101 1
153 109 132 1
150 126 142 1
126 125 130 1
80 80 80 1
123 123 123 1
97 97 97 1
94 93 98 1
145 100 123 1
118 91 108 1
136 135 140 1
136 134 137 1
119 117 120 1
88 88 90 1
154 152 155 1
97 95 100 1
137 95 117 1
170 137 156 1
83 82 87 1
97 92 98 1
142 137 143 1
106 99 106 1
125 120 126 1
113 80 99 1
128 94 111 1
104 104 106 1
138 131 139 1
107 100 108 1
115 105 114 1
157 147 156 1
150 145 151 1
112 83 101 1
156 115 133 1
118 117 122 1
149 148 153 1
82 81 87 1
137 132 139 1
112 107 114 1
118 89 107 1
158 127 142 1
140 139 145 1
101 100 105 1
85 84 90 1
144 142 147 1
131 104 121 1
128 97 112 1
148 147 155 1
152 152 154 1
96 95 100 1
148 147 152 1
166 140 153 1
139 111 125 1
120 89 104 1
115 83 98 1
119 85 101 1
128 91 108 1
131 94 111 1
140 103 120 1
125 88 105 1
112 78 94 1
122 90 105 1
153 122 137 1
88 87 93 1
115 113 118 1
150 126 142 1
164 131 150 1
131 99 114 1
120 118 129 1
88 88 90 1
151 129 142 1
111 84 99 1
132 98 114 1
153 114 132 1
172 131 149 1
146 105 123 1
130 91 109 1
124 90 106 1
76 71 78 1
103 98 104 1
139 108 126 1
165 131 147 1
104 102 113 1
103 103 105 1
168 141 156 1
125 94 110 1
118 85 102 1
154 120 137 1
118 81 98 1
155 124 140 1
91 79 89 1
106 101 107 1
116 87 105 1
146 122 136 1
99 97 110 1
113 113 115 1
162 134 149 1
121 88 105 1
137 100 118 1
164 122 142 1
112 78 95 1
166 139 154 1
88 78 86 1
116 109 116 1
101 74 91 1
129 102 117 1
98 96 109 1
72 72 74 1
108 77 93 1
143 106 124 1
125 91 108 1
133 109 123 1
102 100 103 1
154 147 154 1
136 113 129 1
149 118 134 1
98 96 109 1
125 101 115 1
132 99 116 1
178 126 149 1
160 127 144 1
111 89 102 1
106 106 106 1
153 135 149 1
156 123 140 1
166 133 150 1
98 96 109 1
128 127 132 1
90 68 81 1
165 134 150 1
104 82 95 1
124 124 124 1
154 154 154 1
137 130 137 1
130 99 115 1
157 133 147 1
100 98 109 1
142 141 146 1
130 129 137 1
124 114 123 1
87 75 85 1
114 98 109 1
122 98 112 1
90 90 90 1
119 112 119 1
117 89 104 1
132 105 120 1
105 103 114 1
134 133 138 1
118 105 115 1
160 123 141 1
144 116 131 1
118 118 118 1
101 94 101 1
129 102 117 1
118 90 105 1
114 113 121 1
98 97 102 1
104 88 99 1
144 122 135 1
138 99 118 1
156 125 141 1
110 110 110 1
88 81 88 1
155 131 145 1
180 128 150 1
120 89 105 1
126 125 131 1
116 115 121 1
148 124 138 1
110 79 95 1
144 107 125 1
116 79 97 1
109 109 109 1
110 100 108 1
153 101 123 1
128 97 113 1
137 136 141 1
142 141 146 1
137 103 120 1
112 73 92 1
111 69 89 1
133 90 110 1
153 110 130 1
112 81 97 1
119 119 121 1
105 98 105 1
131 86 106 1
136 105 121 1
143 143 145 1
86 86 88 1
142 130 142 1
119 105 118 1
104 88 101 1
102 84 98 1
112 89 105 1
121 97 113 1
151 124 141 1
169 138 156 1
161 127 144 1
141 119 132 1
70 69 74 1
112 110 115 1
122 88 104 1
135 104 120 1
139 138 143 1
112 112 112 1
118 118 118 1
139 118 133 1
112 89 105 1
107 83 99 1
125 98 115 1
153 124 142 1
104 77 92 1
128 127 132 1
143 142 147 1
118 90 104 1
123 95 110 1
111 110 115 1
99 99 99 1
132 132 132 1
118 90 105 1
121 90 106 1
153 116 134 1
134 114 126 1
149 148 153 1
135 134 139 1
118 90 104 1
109 81 96 1
91 90 95 1
111 111 113 1
109 108 113 1
127 100 115 1
126 92 109 1
175 132 152 1
101 74 89 1
113 112 117 1
140 139 144 1
118 90 104 1
98 71 86 1
118 117 122 1
112 111 116 1
99 98 103 1
145 144 149 1
161 133 148 1
140 103 121 1
145 103 123 1
139 112 127 1
135 134 139 1
135 134 139 1
120 89 104 1
98 74 88 1
136 135 140 1
103 102 107 1
93 92 97 1
148 147 152 1
122 85 103 1
158 119 138 1
92 64 79 1
121 120 125 1
103 102 107 1
121 89 104 1
108 88 100 1
128 127 132 1
137 136 141 1
104 103 108 1
99 98 103 1
123 122 127 1
168 137 153 1
125 94 110 1
167 139 154 1
141 119 132 1
98 97 102 1
96 95 100 1
121 89 104 1
122 104 116 1
120 119 124 1
93 90 97 1
104 101 108 1
125 124 130 1
154 153 159 1
138 118 130 1
138 118 130 1
84 68 79 1
124 123 128 1
90 89 94 1
122 88 104 1
131 118 128 1
130 129 134 1
141 140 145 1
112 111 116 1
100 101 105 1
127 128 132 1
145 146 150 1
157 147 156 1
102 95 103 1
154 147 155 1
155 150 157 1
143 143 145 1
112 111 116 1
105 68 85 1
144 117 132 1
118 117 123 1
140 144 147 1
87 91 94 1
91 96 99 1
124 129 132 1
61 62 67 1
109 110 115 1
99 99 101 1
121 120 125 1
111 72 90 1
115 93 106 1
92 91 97 1
125 129 132 1
85 89 92 1
146 145 151 1
55 60 64 1
96 96 98 1
151 150 155 1
119 80 98 1
102 84 96 1
154 153 159 1
130 123 131 1
94 87 95 1
145 138 146 1
147 152 156 1
115 116 121 1
130 130 132 1
133 92 110 1
135 119 130 1
98 97 103 1
141 136 143 1
112 109 116 1
101 100 106 1
147 147 149 1
133 132 137 1
160 144 155 1
150 107 126 1
123 92 107 1
124 123 129 1
146 145 151 1
89 88 94 1
96 95 100 1
137 121 132 1
171 128 147 1
119 88 103 1
108 107 113 1
96 95 101 1
135 134 140 1
127 127 129 1
108 107 112 1
118 102 113 1
155 110 130 1
169 141 155 1
114 113 119 1
134 129 136 1
115 108 116 1
132 131 137 1
102 102 104 1
135 134 139 1
108 90 102 1
104 65 83 1
111 106 113 1
87 85 90 1
96 95 100 1
135 136 138 1
127 105 118 1
170 131 150 1
165 138 153 1
124 122 125 1
109 109 111 1
150 150 152 1
140 139 147 1
97 96 101 1
118 120 119 1
151 144 152 1
150 126 140 1
114 83 99 1
112 110 113 1
136 136 138 1
128 127 132 1
119 118 123 1
110 110 110 1
114 102 112 1
151 112 131 1
165 138 153 1
136 134 137 1
145 145 147 1
102 102 104 1
145 144 149 1
130 129 135 1
122 121 126 1
132 132 132 1
105 89 100 1
124 91 108 1
90 85 89 1
135 134 139 1
93 92 97 1
135 134 140 1
126 125 133 1
121 120 125 1
147 147 149 1
129 109 121 1
119 84 104 1
108 106 109 1
152 151 156 1
101 100 105 1
109 108 113 1
145 144 152 1
129 128 133 1
106 106 108 1
120 98 111 1
166 142 156 1
134 101 120 1
167 140 157 1
111 106 110 1
119 118 123 1
95 94 99 1
104 103 108 1
86 85 90 1
109 108 113 1
84 83 91 1
128 127 132 1
109 109 111 1
110 83 100 1
116 92 108 1
101 99 102 1
94 93 98 1
127 126 134 1
74 73 81 1
125 124 132 1
86 85 93 1
134 133 138 1
127 98 116 1
88 67 82 1
117 118 122 1
152 151 156 1
140 139 144 1
124 123 129 1
103 102 108 1
134 133 139 1
148 147 152 1
99 99 101 1
117 93 109 1
89 71 85 1
149 148 153 1
76 75 80 1
114 113 118 1
63 62 68 1
123 122 128 1
113 112 117 1
90 89 94 1
133 133 135 1
90 67 83 1
91 66 85 1
85 86 90 1
146 145 150 1
153 152 157 1
116 115 120 1
90 89 94 1
129 128 133 1
125 124 129 1
131 130 135 1
122 121 126 1
92 91 96 1
74 73 79 1
125 124 130 1
127 126 132 1
152 151 157 1
114 113 119 1
118 117 122 1
95 94 99 1
133 132 137 1
141 125 138 1
84 59 78 1
95 99 102 1
97 96 101 1
97 96 101 1
150 150 152 1
115 113 118 1
83 71 83 1
69 51 67 1
94 98 101 1
91 90 96 1
99 99 101 1
139 137 142 1
120 114 126 1
145 137 150 1
66 54 68 1
113 114 119 1
93 92 98 1
120 120 122 1
154 149 155 1
73 70 81 1
95 89 101 1
124 125 130 1
141 142 147 1
131 130 136 1
73 72 78 1
143 141 144 1
142 137 143 1
98 93 99 1
78 78 88 1
118 118 128 1
139 138 144 1
127 126 132 1
95 94 99 1
95 94 100 1
88 87 93 1
116 115 123 1
101 100 108 1
97 92 99 1
103 103 111 1
127 126 131 1
112 111 116 1
81 82 86 1
76 75 83 1
131 131 133 1
137 137 139 1
81 81 89 1
150 149 157 1
136 135 143 1
114 113 121 1
96 95 103 1
89 88 96 1
95 94 102 1
107 106 114 1
116 115 123 1
78 77 85 1
116 116 116 1
141 141 141 1
68 68 78 1
137 137 149 1
134 133 141 1
111 110 118 1
104 103 111 1
106 105 113 1
151 150 158 1
150 149 155 1
65 64 70 1
89 89 89 1
153 151 162 1
86 84 97 1
109 109 121 1
143 143 153 1
139 137 142 1
130 128 133 1
88 87 93 1
87 86 94 1
99 98 106 1
130 129 137 1
77 76 82 1
79 79 79 1
104 101 112 1
103 102 108 1
74 73 79 1
104 103 109 1
29 28 34 1
35 34 40 1
61 60 66 1
110 109 115 1
86 85 91 1
118 118 120 1
87 84 93 1
10 9 15 1
37 36 42 1
14 13 19 1
23 22 28 1
19 18 24 1
33 32 38 1
44 43 49 1
69 68 74 1
113 112 118 1
105 105 107 1
135 135 137 1
74 69 75 1
0 0 5 1
37 36 42 1
131 130 136 1
82 81 87 1
20 19 25 1
70 69 75 1
122 121 127 1
148 147 152 1
142 141 146 1
119 119 121 1
112 107 111 1
44 43 49 1
74 73 79 1
111 110 116 1
28 27 33 1
116 115 121 1
92 91 96 1
144 143 148 1
94 93 98 1
151 142 145 1
54 45 50 1
86 77 82 1
99 98 104 1
113 112 120 1
100 99 105 1
19 18 24 1
100 99 104 1
89 85 86 1
69 60 63 1
31 20 24 1
8 0 0 1
29 17 21 1
65 54 60 1
142 141 147 1
33 32 38 1
138 137 143 1
109 108 113 1
135 133 134 1
17 11 11 1
62 53 54 1
116 101 104 1
8 0 0 1
149 148 154 1
30 29 35 1
150 149 154 1
154 153 158 1
160 105 84 1
160 89 69 1
10 8 9 1
115 109 109 1
151 136 139 1
78 68 69 1
16 15 21 1
90 89 94 1
98 98 98 1
60 56 57 1
158 142 142 1
150 134 134 1
8 0 0 1
133 132 138 1
146 145 151 1
117 116 121 1
7 7 7 1
10 0 0 1
26 11 8 1
15 0 0 1
46 32 31 1
8 0 0 1
14 13 19 1
15 14 20 1
9 8 14 1
80 79 85 1
104 103 109 1
139 138 143 1
152 80 65 1
100 100 100 1
11 0 0 1
117 99 97 1
42 24 22 1
19 3 3 1
23 11 11 1
117 116 122 1
0 0 5 1
8 7 13 1
47 46 52 1
6 5 11 1
2 1 7 1
0 0 5 1
113 112 118 1
98 97 102 1
143 86 57 1
170 139 119 1
36 42 40 1
7 0 0 1
42 28 25 1
47 37 35 1
9 3 3 1
0 1 6 1
1 0 4 1
1 0 4 1
136 133 140 1
110 109 114 1
16 27 21 1
7 2 0 1
129 122 116 1
3 0 0 1
31 32 27 1
6 11 7 1
125 129 128 1
0 9 6 1
6 0 0 1
45 36 39 1
154 153 159 1
137 101 53 1
71 68 63 1
34 23 19 1
23 8 5 1
61 46 43 1
8 0 0 1
6 0 0 1
18 14 11 1
6 6 4 1
150 152 151 1
62 79 71 1
27 17 18 1
130 129 135 1
139 75 48 1
141 135 83 1
98 108 99 1
10 0 0 1
63 39 39 1
33 3 5 1
33 1 4 1
21 0 0 1
26 0 3 1
14 0 0 1
37 21 24 1
91 102 96 1
131 121 122 1
16 6 7 1
11 0 0 1
17 5 5 1
117 105 105 1
78 66 66 1
55 45 46 1
113 112 118 1
132 65 38 1
111 112 52 1
158 158 122 1
57 59 54 1
18 0 0 1
57 17 25 1
32 0 0 1
72 21 30 1
58 7 16 1
79 32 42 1
77 35 45 1
112 76 86 1
52 50 51 1
116 104 106 1
10 0 0 1
22 8 8 1
48 34 33 1
34 20 19 1
41 27 26 1
23 9 8 1
8 0 0 1
95 94 100 1
151 75 49 1
143 143 83 1
57 48 49 1
54 11 21 1
103 45 59 1
156 87 105 1
150 77 94 1
189 115 132 1
184 113 131 1
183 119 136 1
153 96 113 1
134 83 100 1
130 83 101 1
158 115 134 1
111 105 107 1
26 10 11 1
73 57 57 1
123 105 105 1
19 1 0 1
46 28 26 1
40 25 22 1
29 15 12 1
19 8 6 1
119 109 108 1
110 109 115 1
134 62 38 1
143 144 76 1
138 136 88 1
126 125 131 1
108 107 113 1
144 134 142 1
75 52 60 1
180 132 146 1
144 83 99 1
196 121 141 1
185 121 145 1
164 100 126 1
146 88 112 1
84 75 80 1
111 91 93 1
14 0 0 1
161 141 140 1
28 9 5 1
52 34 30 1
64 49 46 1
12 1 0 1
7 0 0 1
149 148 154 1
121 50 28 1
116 116 52 1
147 148 143 1
89 89 89 1
75 34 50 1
166 109 128 1
179 111 132 1
147 79 102 1
44 35 40 1
26 4 6 1
40 18 20 1
15 0 0 1
29 10 6 1
34 19 14 1
35 21 18 1
9 0 0 1
128 127 133 1
144 67 47 1
120 122 56 1
150 151 146 1
109 110 104 1
108 52 77 1
180 104 130 1
175 97 121 1
173 110 131 1
136 129 134 1
17 0 0 1
45 21 21 1
84 60 60 1
148 124 122 1
17 0 0 1
33 12 7 1
17 0 0 1
55 37 33 1
18 4 1 1
7 0 0 1
108 107 113 1
107 106 41 1
110 109 114 1
91 88 107 1
158 89 120 1
149 64 93 1
137 136 141 1
22 0 0 1
51 27 27 1
19 0 0 1
21 0 0 1
24 0 0 1
38 17 12 1
21 2 0 1
27 9 5 1
30 16 13 1
16 6 4 1
92 91 97 1
114 111 40 1
107 105 118 1
120 118 131 1
149 75 110 1
132 56 84 1
73 74 78 1
22 0 2 1
57 35 37 1
24 3 2 1
30 9 8 1
25 4 1 1
24 3 0 1
22 3 0 1
51 36 31 1
41 27 24 1
7 0 0 1
109 108 114 1
128 131 42 1
87 85 99 1
148 147 152 1
173 102 136 1
188 87 121 1
161 82 111 1
136 81 104 1
31 32 36 1
145 131 131 1
22 2 4 1
56 36 37 1
14 0 0 1
14 0 0 1
27 7 6 1
21 2 0 1
22 4 0 1
29 14 11 1
38 27 23 1
16 6 4 1
138 137 143 1
89 100 22 1
100 99 105 1
98 98 96 1
171 87 121 1
182 109 136 1
88 55 72 1
33 34 38 1
160 150 151 1
21 5 6 1
56 40 41 1
23 7 7 1
21 3 3 1
27 9 7 1
15 0 0 1
15 0 0 1
51 37 34 1
43 32 30 1
7 0 0 1
92 103 37 1
131 134 113 1
122 122 124 1
148 85 112 1
182 107 137 1
196 107 135 1
194 120 145 1
115 57 79 1
77 67 78 1
48 47 52 1
19 9 10 1
35 23 25 1
32 20 20 1
17 3 3 1
10 0 0 1
10 0 0 1
25 11 10 1
49 35 34 1
36 24 24 1
7 0 0 1
111 110 116 1
112 121 66 1
133 137 110 1
83 83 85 1
127 67 93 1
193 97 125 1
193 110 136 1
184 116 137 1
135 80 99 1
83 83 91 1
85 83 88 1
46 40 42 1
59 50 53 1
59 49 50 1
49 39 40 1
54 42 42 1
64 52 52 1
54 42 42 1
44 32 32 1
27 17 18 1
11 2 5 1
88 87 93 1
157 80 60 1
97 107 46 1
137 136 141 1
152 84 109 1
193 101 126 1
186 100 125 1
178 103 124 1
146 87 105 1
129 83 96 1
93 98 104 1
142 139 146 1
63 58 64 1
98 93 97 1
97 93 94 1
135 134 132 1
159 149 150 1
115 105 106 1
72 63 66 1
112 111 117 1
105 115 62 1
140 133 141 1
169 88 118 1
182 89 116 1
161 83 107 1
156 88 111 1
170 108 129 1
180 129 146 1
84 87 94 1
137 134 143 1
146 145 151 1
142 159 81 1
153 130 146 1
135 71 97 1
184 111 138 1
182 106 132 1
164 90 115 1
159 89 113 1
146 84 107 1
182 130 152 1
95 94 99 1
120 136 65 1
95 74 89 1
132 87 107 1
155 108 126 1
166 122 139 1
103 102 108 1
102 112 43 1
114 111 120 1
101 64 81 1
139 138 144 1
93 102 35 1
142 145 164 1
104 78 91 1
75 74 80 1
89 104 35 1
96 103 121 1
90 74 85 1
124 123 129 1
95 115 44 1
95 89 113 1
52 42 51 1
83 82 88 1
113 139 68 1
123 114 133 1
153 137 147 1
121 118 127 1
131 128 137 1
142 157 90 1
87 88 90 1
128 135 141 1
138 142 151 1
93 96 105 1
140 138 149 1
113 111 122 1
104 103 109 1
155 90 58 1
97 84 49 1
146 150 159 1
138 141 150 1
129 125 139 1
80 78 89 1
112 111 117 1
149 105 76 1
159 130 112 1
119 115 129 1
95 91 105 1
58 55 62 1
150 149 155 1
161 145 93 1
159 73 56 1
121 62 48 1
154 151 160 1
123 119 134 1
80 72 85 1
137 132 139 1
127 124 131 1
147 146 152 1
104 103 108 1
125 120 54 1
161 67 59 1
136 76 68 1
127 121 131 1
126 122 137 1
150 136 149 1
86 70 81 1
143 123 132 1
133 121 125 1
66 55 61 1
118 111 118 1
111 110 115 1
156 56 56 1
144 74 76 1
136 130 140 1
121 120 136 1
125 104 111 1
63 34 36 1
83 51 52 1
87 57 57 1
75 46 48 1
70 44 45 1
74 49 52 1
60 40 42 1
36 20 23 1
8 0 0 1
97 96 102 1
100 99 104 1
147 135 95 1
155 48 58 1
185 108 124 1
127 130 145 1
143 126 136 1
56 33 39 1
26 0 0 1
43 5 2 1
46 11 9 1
38 4 2 1
38 7 5 1
47 19 18 1
40 16 16 1
22 2 3 1
93 78 81 1
146 145 151 1
79 78 84 1
135 134 140 1
110 109 114 1
128 104 66 1
150 36 62 1
181 98 128 1
123 130 146 1
157 145 155 1
116 100 110 1
35 10 14 1
60 25 21 1
57 16 10 1
52 13 8 1
53 15 10 1
52 17 13 1
44 13 10 1
34 8 7 1
27 6 5 1
98 97 103 1
72 71 76 1
153 132 79 1
166 46 74 1
178 93 122 1
130 124 134 1
98 112 123 1
140 118 121 1
43 13 15 1
57 22 20 1
62 19 10 1
51 7 0 1
50 8 0 1
58 19 11 1
52 17 11 1
42 11 8 1
62 34 33 1
95 70 73 1
69 68 73 1
139 138 143 1
160 153 99 1
167 41 53 1
165 74 83 1
122 143 148 1
151 120 118 1
99 54 49 1
79 21 10 1
58 0 0 1
70 18 0 1
46 0 0 1
70 29 9 1
61 24 8 1
48 14 4 1
40 9 6 1
20 0 0 1
122 122 124 1
127 133 61 1
146 60 61 1
162 139 155 1
133 136 141 1
181 132 138 1
132 68 68 1
101 26 20 1
87 5 0 1
81 0 0 1
71 0 0 1
78 9 0 1
62 3 0 1
49 0 0 1
57 18 11 1
21 0 0 1
111 130 49 1
166 52 60 1
127 44 52 1
99 67 82 1
164 126 141 1
156 116 127 1
170 133 140 1
184 137 143 1
177 106 112 1
173 82 89 1
134 31 24 1
121 17 8 1
123 5 3 1
138 22 23 1
109 13 14 1
90 16 15 1
44 0 0 1
118 88 88 1
149 149 149 1
131 150 68 1
167 52 65 1
127 45 57 1
49 8 26 1
147 88 106 1
175 102 119 1
170 90 99 1
178 86 91 1
140 53 62 1
94 39 44 1
134 134 134 1
178 63 80 1
122 38 51 1
177 117 127 1
133 96 113 1
133 66 84 1
168 69 87 1
79 0 5 1
108 107 112 1
109 109 109 1
147 142 87 1
176 61 76 1
124 34 46 1
189 124 132 1
161 120 128 1
64 1 18 1
173 68 83 1
77 0 0 1
86 85 90 1
100 100 102 1
108 108 108 1
148 132 80 1
157 37 49 1
153 57 69 1
115 52 61 1
96 50 63 1
162 66 78 1
164 71 92 1
49 0 0 1
119 118 123 1
84 84 84 1
119 119 119 1
144 124 71 1
146 55 72 1
71 0 4 1
167 53 78 1
143 51 76 1
35 0 0 1
107 106 111 1
142 142 142 1
180 58 81 1
130 51 73 1
147 96 103 1
115 31 29 1
154 61 72 1
92 14 36 1
115 66 87 1
177 156 125 1
144 41 68 1
106 61 56 1
96 36 25 1
152 80 66 1
131 54 44 1
111 37 38 1
75 12 23 1
140 139 144 1
114 113 118 1
177 130 110 1
167 47 72 1
129 57 77 1
173 150 140 1
108 78 67 1
142 108 99 1
128 127 132 1
99 98 103 1
128 128 130 1
149 76 69 1
139 33 20 1
143 35 58 1
144 71 91 1
84 83 88 1
110 110 112 1
94 94 96 1
161 60 66 1
158 36 57 1
124 43 62 1
116 115 120 1
133 16 32 1
168 49 68 1
114 33 50 1
165 127 142 1
167 140 157 1
111 93 107 1
118 108 117 1
142 152 154 1
94 104 106 1
132 139 145 1
128 127 133 1
153 152 157 1
144 25 45 1
159 35 59 1
141 101 125 1
85 79 103 1
102 112 137 1
127 131 156 1
101 95 107 1
97 97 99 1
100 96 97 1
148 131 141 1
117 109 120 1
101 90 104 1
105 104 109 1
154 31 51 1
150 10 37 1
138 144 166 1
122 130 153 1
143 131 145 1
114 103 117 1
151 144 159 1
92 91 97 1
156 26 38 1
155 19 55 1
107 8 39 1
139 112 129 1
153 151 162 1
84 81 92 1
124 122 133 1
85 83 94 1
127 126 134 1
75 74 80 1
122 121 127 1
168 9 50 1
176 43 86 1
151 51 89 1
162 96 124 1
106 105 113 1
117 116 124 1
92 91 99 1
125 124 132 1
111 110 118 1
95 94 102 1
149 148 154 1
115 114 120 1
178 79 123 1
159 92 125 1
148 147 155 1
125 124 132 1
149 148 156 1
109 108 116 1
96 95 103 1
101 100 108 1
132 131 139 1
139 138 146 1
148 147 155 1
149 148 156 1
139 138 146 1
119 118 126 1
96 95 103 1
81 80 88 1
139 138 146 1
87 86 92 1
172 7 49 1
159 87 127 1
78 77 85 1
147 146 152 1
130 129 134 1
182 125 134 1
174 19 63 1
117 35 84 1
132 131 139 1
93 92 97 1
173 112 128 1
222 79 158 1
128 34 94 1
72 71 79 1
138 137 142 1
178 93 124 1
199 89 158 1
147 146 154 1
116 115 123 1
106 105 110 1
175 87 112 1
211 89 164 1
64 63 71 1
147 146 154 1
85 84 92 1
87 86 91 1
160 88 91 1
185 59 97 1
187 57 105 1
156 55 115 1
136 135 143 1
88 87 95 1
90 89 94 1
155 89 77 1
167 41 53 1
175 25 60 1
173 56 83 1
143 65 87 1
147 68 97 1
174 90 126 1
153 49 108 1
120 119 127 1
79 78 86 1
139 138 146 1
98 97 102 1
162 89 74 1
159 50 55 1
164 40 51 1
143 53 55 1
131 75 76 1
128 104 117 1
131 122 141 1
150 141 158 1
131 120 137 1
142 129 146 1
117 100 118 1
88 65 83 1
142 110 131 1
149 106 133 1
162 108 140 1
174 108 146 1
178 99 144 1
183 91 142 1
195 94 150 1
163 69 121 1
152 151 159 1
61 60 68 1
147 146 154 1
108 107 112 1
163 98 120 1
156 103 89 1
134 72 77 1
147 55 78 1
182 39 82 1
168 33 74 1
160 48 86 1
168 89 120 1
149 99 124 1
130 109 126 1
141 147 161 1
99 132 149 1
96 139 158 1
70 107 126 1
67 98 118 1
41 62 81 1
55 63 84 1
120 118 139 1
123 109 132 1
163 137 162 1
169 133 159 1
175 130 159 1
178 118 152 1
162 98 133 1
137 69 108 1
123 46 90 1
168 76 127 1
201 96 155 1
175 96 139 1
104 103 111 1
91 90 98 1
150 149 157 1
84 83 88 1
124 61 82 1
168 88 115 1
199 99 133 1
124 31 62 1
174 94 121 1
129 126 121 1
91 108 116 1
95 95 121 1
130 78 126 1
148 60 111 1
165 59 97 1
177 59 85 1
164 47 56 1
177 51 73 1
161 63 84 1
141 80 98 1
118 94 110 1
105 114 129 1
87 123 139 1
95 148 166 1
94 152 176 1
82 135 169 1
103 146 189 1
118 150 201 1
102 119 171 1
92 96 141 1
77 72 113 1
107 101 139 1
101 91 128 1
173 124 153 1
152 90 127 1
137 61 108 1
151 62 116 1
190 92 151 1
152 96 125 1
135 133 144 1
102 101 109 1
101 100 108 1
150 149 157 1
92 91 96 1
113 50 71 1
199 114 143 1
183 82 116 1
160 41 81 1
123 43 70 1
117 134 150 1
63 133 156 1
58 132 169 1
88 120 179 1
106 106 170 1
126 108 158 1
139 113 148 1
120 99 116 1
132 91 105 1
156 73 101 1
173 59 93 1
181 47 84 1
180 41 74 1
166 47 79 1
155 75 102 1
144 84 109 1
148 89 117 1
148 97 127 1
147 108 137 1
136 120 147 1
122 134 158 1
104 145 165 1
81 148 167 1
72 157 177 1
73 165 188 1
68 155 183 1
60 129 170 1
58 108 159 1
60 90 150 1
61 71 130 1
83 71 119 1
112 89 131 1
95 73 112 1
172 110 151 1
141 74 117 1
127 62 100 1
121 68 98 1
117 80 98 1
107 85 95 1
111 105 107 1
80 80 82 1
84 85 90 1
97 95 106 1
127 122 140 1
137 132 150 1
130 129 134 1
167 87 114 1
154 33 74 1
181 41 88 1
159 17 65 1
95 21 46 1
117 131 176 1
45 143 188 1
22 153 209 1
38 148 223 1
44 140 217 1
56 148 211 1
59 160 206 1
56 176 201 1
61 171 194 1
83 152 191 1
99 135 183 1
110 120 173 1
118 108 158 1
120 102 140 1
133 94 125 1
147 74 101 1
142 46 73 1
153 38 71 1
183 48 88 1
180 18 65 1
168 39 67 1
155 45 72 1
141 51 79 1
127 56 86 1
124 73 104 1
112 83 114 1
104 94 128 1
102 108 144 1
99 121 158 1
100 132 170 1
102 141 180 1
91 150 192 1
55 143 191 1
48 149 201 1
52 156 205 1
60 160 209 1
68 160 207 1
74 155 202 1
85 146 193 1
96 136 187 1
120 136 188 1
116 113 166 1
90 71 126 1
93 64 118 1
124 94 144 1
123 94 142 1
118 92 137 1
147 127 164 1
82 71 88 1
132 131 136 1
141 56 87 1
175 42 89 1
179 41 90 1
101 27 52 1
118 129 183 1
40 143 199 1
4 156 221 1
3 155 238 1
0 148 235 1
7 154 231 1
8 167 225 1
0 174 214 1
0 176 211 1
12 170 215 1
28 166 215 1
46 159 215 1
62 156 210 1
78 152 201 1
107 141 186 1
144 116 156 1
176 108 147 1
168 81 124 1
150 44 90 1
171 48 95 1
180 41 96 1
163 29 80 1
166 46 84 1
161 47 80 1
162 47 80 1
162 47 80 1
163 45 79 1
163 45 77 1
163 45 77 1
161 46 77 1
158 45 75 1
158 48 77 1
158 51 79 1
159 56 83 1
160 62 87 1
162 67 91 1
162 70 93 1
158 73 102 1
174 99 138 1
167 101 145 1
161 104 147 1
154 107 151 1
143 112 154 1
132 117 160 1
119 122 165 1
105 128 170 1
102 145 187 1
88 151 192 1
74 156 196 1
61 159 198 1
50 162 202 1
42 164 203 1
36 165 205 1
32 164 210 1
28 159 215 1
33 159 220 1
41 159 221 1
49 153 214 1
56 140 202 1
65 120 185 1
77 97 166 1
92 79 151 1
114 66 140 1
157 90 161 1
150 93 136 1
162 112 147 1
69 68 74 1
97 96 101 1
131 26 69 1
196 57 112 1
184 36 94 1
197 45 104 1
198 55 109 1
188 52 102 1
197 69 117 1
122 27 59 1
130 137 183 1
38 123 178 1
10 145 211 1
0 159 240 1
0 154 243 1
6 158 242 1
7 157 233 1
12 170 231 1
14 184 235 1
0 183 226 1
0 176 218 1
0 166 210 1
12 168 216 1
49 171 222 1
73 140 193 1
133 124 179 1
142 87 142 1
127 57 109 1
172 82 133 1
170 24 63 1
164 23 65 1
133 36 105 1
162 109 179 1
107 135 198 1
79 147 208 1
79 147 208 1
79 147 208 1
79 147 208 1
79 148 207 1
79 148 207 1
78 148 207 1
77 148 204 1
75 146 202 1
72 144 200 1
68 143 198 1
69 145 197 1
71 148 200 1
73 153 204 1
72 157 211 1
52 147 201 1
50 151 205 1
51 155 208 1
52 158 210 1
51 161 212 1
50 162 212 1
46 162 209 1
44 162 208 1
41 164 208 1
37 163 204 1
34 160 201 1
32 158 199 1
32 160 199 1
36 164 203 1
41 169 208 1
62 163 207 1
89 141 191 1
109 121 179 1
111 94 160 1
101 59 131 1
117 53 131 1
159 72 153 1
195 87 173 1
124 87 121 1
138 126 146 1
113 112 118 1
124 123 129 1
137 136 141 1
150 43 89 1
200 58 116 1
197 53 112 1
183 41 99 1
189 47 105 1
190 47 103 1
197 54 108 1
120 31 61 1
51 129 177 1
27 155 218 1
0 141 221 1
0 161 249 1
0 151 244 1
10 156 242 1
26 177 248 1
3 168 226 1
0 180 225 1
0 184 226 1
8 191 233 1
20 171 218 1
36 139 195 1
87 65 129 1
131 69 132 1
184 72 122 1
147 20 65 1
183 41 81 1
163 27 77 1
172 94 169 1
99 85 160 1
49 153 222 1
8 171 238 1
8 171 238 1
8 171 238 1
8 171 238 1
8 171 236 1
7 172 236 1
7 173 235 1
0 165 227 1
2 168 230 1
6 172 234 1
9 175 235 1
10 176 236 1
9 175 235 1
7 173 233 1
5 171 229 1
3 168 222 1
5 168 223 1
8 167 222 1
12 167 221 1
17 166 220 1
22 163 216 1
27 161 212 1
34 158 209 1
49 161 211 1
59 159 211 1
70 157 210 1
73 150 202 1
67 134 187 1
54 114 168 1
40 93 147 1
47 72 128 1
108 85 141 1
161 97 158 1
122 65 106 1
88 87 95 1
145 144 152 1
89 88 93 1
144 48 93 1
164 31 88 1
191 56 114 1
205 65 125 1
188 44 103 1
173 30 86 1
117 44 71 1
42 127 158 1
24 149 203 1
0 135 213 1
0 159 250 1
0 154 247 1
4 155 244 1
14 170 245 1
15 179 242 1
12 188 238 1
18 180 227 1
29 155 205 1
73 150 206 1
107 123 185 1
81 48 116 1
166 99 168 1
166 54 112 1
156 32 84 1
196 58 107 1
172 38 91 1
90 73 143 1
45 154 210 1
2 174 224 1
2 174 224 1
2 174 224 1
2 174 224 1
2 174 222 1
2 174 222 1
2 174 220 1
0 171 217 1
2 173 219 1
5 176 222 1
7 178 222 1
6 177 221 1
3 174 218 1
0 171 215 1
6 165 207 1
38 174 216 1
48 169 212 1
53 165 211 1
58 160 208 1
64 154 204 1
72 145 196 1
81 136 192 1
93 128 186 1
87 98 160 1
98 89 156 1
110 78 149 1
127 76 151 1
152 85 164 1
184 102 184 1
133 53 104 1
142 141 149 1
94 93 101 1
89 88 96 1
150 149 157 1
