200 139 121 2
179 104 85 2
183 96 77 2
184 88 66 2
183 79 54 2
183 73 46 2
184 70 43 2
185 70 39 2
181 72 41 2
162 71 40 2
169 86 54 2
188 107 77 2
209 132 104 2
230 156 131 2
183 96 77 2
214 113 93 2
234 119 100 2
241 115 93 2
249 110 89 2
253 107 82 2
255 104 80 2
255 103 75 2
255 101 72 2
253 104 71 2
242 116 76 2
231 118 74 2
227 116 73 2
218 110 71 2
207 103 66 2
192 95 63 2
177 87 60 2
163 85 63 2
200 133 116 2
200 113 93 2
178 77 55 2
184 79 57 2
221 109 87 2
242 121 100 2
247 118 97 2
247 111 89 2
243 101 79 2
255 110 85 2
255 108 81 2
255 106 77 2
255 107 74 2
255 108 73 2
255 110 73 2
255 114 74 2
255 118 74 2
251 113 66 2
250 114 66 2
251 116 68 2
250 118 70 2
247 119 74 2
243 120 79 2
238 122 85 2
231 124 92 2
215 120 92 2
174 92 70 2
175 106 88 2
173 100 83 2
163 71 48 2
234 115 85 2
227 92 60 2
247 108 75 2
255 125 93 2
254 107 74 2
251 100 69 2
255 113 82 2
255 113 80 2
255 109 74 2
255 108 72 2
255 105 66 2
252 103 63 2
250 105 61 2
249 108 63 2
250 114 66 2
253 115 68 2
254 109 62 2
255 111 64 2
255 113 66 2
255 113 66 2
255 111 64 2
248 107 62 2
239 103 61 2
230 101 61 2
236 116 79 2
236 126 91 2
225 126 94 2
200 113 85 2
168 91 65 2
167 99 76 2
178 91 72 2
231 130 112 2
221 110 82 2
247 126 79 2
253 128 70 2
252 123 66 2
245 111 56 2
246 109 57 2
255 118 68 2
255 116 67 2
246 98 50 2
255 110 63 2
254 109 62 2
251 109 63 2
246 108 61 2
244 109 61 2
241 111 61 2
239 113 63 2
241 113 64 2
247 108 67 2
254 108 69 2
255 110 70 2
255 112 70 2
255 112 69 2
255 110 65 2
255 108 62 2
253 107 60 2
255 120 72 2
248 112 64 2
232 104 55 2
232 111 64 2
232 120 74 2
221 114 68 2
201 100 54 2
165 89 55 2
177 115 94 2
163 86 60 2
219 128 99 2
245 142 109 2
228 118 83 2
229 117 71 2
231 118 52 2
246 133 57 2
244 126 54 2
246 123 55 2
255 135 70 2
255 126 65 2
246 110 50 2
253 117 59 2
245 109 51 2
246 111 55 2
248 115 58 2
252 118 63 2
251 120 66 2
250 120 68 2
249 119 69 2
249 117 69 2
255 119 77 2
255 115 77 2
255 111 72 2
255 108 65 2
255 106 63 2
255 106 60 2
255 107 59 2
255 110 60 2
255 108 57 2
255 112 60 2
255 122 68 2
249 112 58 2
246 112 57 2
253 122 68 2
244 115 60 2
223 118 73 2
179 89 62 2
187 80 44 2
245 132 88 2
251 140 85 2
241 133 71 2
253 151 85 2
255 161 88 2
246 147 64 2
248 146 61 2
253 143 64 2
255 141 68 2
255 139 70 2
255 138 71 2
255 137 71 2
255 137 71 2
250 125 58 2
247 122 55 2
245 118 51 2
243 114 48 2
246 110 50 2
254 110 57 2
255 111 61 2
255 115 68 2
249 114 66 2
247 115 67 2
250 114 66 2
253 111 65 2
255 110 63 2
255 108 63 2
255 107 60 2
255 107 60 2
253 107 58 2
254 110 60 2
253 111 63 2
249 109 60 2
246 104 56 2
250 105 58 2
255 112 65 2
254 124 72 2
210 121 55 2
197 132 66 2
146 89 36 2
176 128 90 2
200 132 109 2
197 104 71 2
226 113 71 2
255 140 89 2
255 146 85 2
252 131 60 2
253 140 62 2
255 154 70 2
238 140 53 2
246 148 57 2
247 148 57 2
251 144 62 2
254 142 66 2
255 141 68 2
255 139 70 2
255 139 70 2
255 139 70 2
252 136 61 2
250 134 57 2
247 130 53 2
247 123 51 2
250 116 52 2
254 111 53 2
255 106 56 2
255 107 57 2
249 115 64 2
246 116 64 2
250 114 64 2
253 111 63 2
255 109 63 2
255 107 63 2
255 106 62 2
255 106 62 2
255 114 68 2
255 110 63 2
248 108 59 2
248 108 59 2
252 112 63 2
255 113 65 2
254 109 62 2
238 112 51 2
219 131 42 2
205 139 45 2
220 161 81 2
206 156 93 2
205 123 86 2
208 110 63 2
248 135 77 2
255 151 84 2
255 142 68 2
255 132 52 2
255 137 54 2
255 145 59 2
253 143 54 2
251 146 55 2
251 145 57 2
255 143 61 2
255 141 64 2
255 140 66 2
255 140 68 2
255 141 68 2
255 142 66 2
255 146 67 2
255 146 64 2
253 142 61 2
252 136 59 2
251 127 57 2
249 117 53 2
249 108 52 2
245 104 51 2
250 114 64 2
249 114 66 2
253 112 66 2
255 109 65 2
255 107 63 2
255 105 63 2
255 104 60 2
255 104 60 2
255 113 67 2
255 111 63 2
250 110 59 2
247 113 60 2
245 119 61 2
242 122 62 2
236 117 57 2
216 119 48 2
206 150 55 2
224 189 87 2
192 162 63 2
208 183 91 2
157 147 78 2
197 113 76 2
241 145 94 2
252 147 82 2
255 148 74 2
250 135 54 2
249 130 44 2
255 141 54 2
255 136 50 2
255 135 49 2
255 154 68 2
255 143 57 2
255 143 59 2
255 141 61 2
255 140 62 2
255 140 64 2
255 141 64 2
255 141 64 2
254 143 62 2
254 149 66 2
253 151 66 2
252 150 66 2
253 146 66 2
254 138 65 2
250 127 59 2
247 117 55 2
246 109 54 2
254 112 64 2
255 111 66 2
255 110 66 2
255 108 65 2
255 108 63 2
255 107 63 2
255 105 60 2
255 104 60 2
255 104 58 2
255 109 61 2
255 115 62 2
247 118 60 2
232 120 54 2
221 127 55 2
219 137 61 2
209 152 63 2
205 184 77 2
203 200 83 2
196 195 77 2
189 190 73 2
184 186 76 2
193 198 98 2
180 183 102 2
223 131 92 2
243 137 85 2
255 151 82 2
246 135 54 2
255 162 72 2
255 153 58 2
245 135 38 2
255 143 50 2
255 145 55 2
255 134 50 2
255 140 58 2
255 141 59 2
255 141 61 2
255 140 61 2
255 140 61 2
255 140 61 2
255 140 61 2
255 143 59 2
253 144 59 2
248 147 59 2
247 149 60 2
249 151 64 2
251 151 66 2
253 146 68 2
252 138 65 2
252 131 62 2
255 121 63 2
255 107 64 2
255 105 67 2
255 109 66 2
255 110 65 2
250 112 63 2
252 112 61 2
255 109 60 2
255 106 58 2
255 105 57 2
255 108 57 2
255 112 56 2
244 119 55 2
223 130 53 2
211 147 59 2
204 168 71 2
195 187 78 2
187 203 79 2
162 192 58 2
162 190 53 2
182 206 68 2
178 200 65 2
169 185 60 2
177 189 81 2
180 186 100 2
229 135 97 2
242 132 81 2
253 134 66 2
255 137 56 2
253 138 47 2
255 161 62 2
255 155 54 2
242 140 42 2
251 146 55 2
255 146 64 2
252 136 59 2
254 136 62 2
255 141 66 2
255 140 66 2
255 140 64 2
255 140 61 2
255 140 59 2
255 141 57 2
255 143 55 2
253 145 55 2
245 144 52 2
244 146 55 2
244 149 59 2
247 148 63 2
252 147 66 2
255 143 67 2
255 140 68 2
255 134 70 2
255 108 62 2
255 105 66 2
255 108 66 2
255 110 63 2
252 112 61 2
250 113 59 2
251 111 58 2
252 111 57 2
255 116 60 2
249 115 52 2
237 118 49 2
227 132 52 2
218 155 62 2
210 175 73 2
199 189 78 2
185 199 76 2
156 193 54 2
158 206 60 2
165 209 60 2
170 208 60 2
174 206 60 2
175 202 63 2
181 200 74 2
189 201 91 2
189 195 107 2
214 126 90 2
232 125 73 2
255 155 89 2
255 159 79 2
255 141 51 2
255 155 58 2
255 149 49 2
237 140 43 2
233 142 51 2
239 150 68 2
239 148 77 2
237 142 78 2
242 142 80 2
248 143 77 2
253 142 73 2
255 141 68 2
255 141 62 2
255 141 57 2
255 142 54 2
255 144 52 2
254 145 52 2
250 147 54 2
247 146 54 2
245 145 57 2
245 143 58 2
251 142 60 2
255 141 64 2
255 141 66 2
255 140 73 2
249 115 60 2
253 112 66 2
255 111 64 2
255 108 61 2
255 107 59 2
255 109 58 2
252 111 55 2
242 117 53 2
232 128 55 2
218 136 52 2
208 149 55 2
205 168 64 2
206 184 73 2
203 194 77 2
195 193 74 2
182 195 64 2
174 214 66 2
169 220 67 2
161 207 56 2
152 194 46 2
170 205 61 2
179 210 70 2
172 198 62 2
175 196 67 2
185 200 81 2
189 200 95 2
177 183 95 2
204 115 83 2
243 141 93 2
255 146 83 2
255 141 63 2
255 132 42 2
255 138 43 2
248 138 41 2
246 147 54 2
242 153 69 2
230 152 77 2
222 151 85 2
224 155 98 2
219 151 102 2
211 137 88 2
236 147 91 2
244 144 82 2
248 143 75 2
253 143 68 2
255 143 59 2
255 143 54 2
255 143 50 2
255 144 50 2
255 149 58 2
255 147 57 2
249 143 57 2
248 139 56 2
249 136 56 2
255 137 59 2
255 139 61 2
255 141 69 2
240 120 59 2
243 118 64 2
250 114 62 2
255 111 59 2
255 110 58 2
253 112 56 2
241 117 53 2
224 127 50 2
199 134 44 2
195 157 56 2
195 184 69 2
195 199 78 2
192 202 77 2
187 198 70 2
185 191 65 2
179 192 60 2
168 202 56 2
158 201 51 2
174 213 68 2
177 214 72 2
168 202 63 2
167 200 59 2
167 199 54 2
173 201 56 2
172 197 53 2
173 195 60 2
176 191 72 2
180 190 94 2
177 99 77 2
214 113 83 2
229 122 78 2
253 140 82 2
253 137 60 2
247 129 41 2
255 147 52 2
255 145 50 2
255 156 68 2
230 140 62 2
223 145 79 2
236 169 124 2
217 135 79 2
244 154 91 2
243 145 72 2
255 159 77 2
243 132 42 2
255 152 59 2
255 140 47 2
255 143 54 2
255 142 57 2
255 142 61 2
255 140 61 2
255 139 62 2
255 139 61 2
255 138 59 2
255 139 65 2
251 136 69 2
248 134 72 2
246 126 65 2
241 117 55 2
234 112 47 2
227 119 47 2
222 137 56 2
214 155 61 2
209 182 75 2
191 192 73 2
178 199 72 2
171 203 68 2
171 203 66 2
174 202 66 2
181 199 65 2
182 198 65 2
179 199 65 2
178 200 65 2
177 200 66 2
175 201 66 2
172 203 65 2
171 204 61 2
171 205 56 2
171 206 50 2
187 223 63 2
148 182 26 2
181 208 67 2
187 205 85 2
182 188 98 2
216 115 147 2
195 137 113 2
202 103 72 2
238 119 79 2
247 127 74 2
255 141 72 2
255 142 57 2
252 139 45 2
255 151 55 2
242 143 52 2
238 148 72 2
234 158 96 2
225 150 93 2
225 138 69 2
247 148 67 2
255 147 60 2
255 138 48 2
255 136 47 2
255 145 60 2
255 142 62 2
255 139 62 2
255 138 62 2
255 137 60 2
255 139 60 2
255 141 58 2
255 143 64 2
253 142 70 2
244 139 71 2
235 134 62 2
221 129 52 2
209 131 48 2
205 144 53 2
208 166 66 2
206 185 76 2
191 192 73 2
179 198 72 2
171 203 68 2
167 205 66 2
167 206 65 2
168 205 65 2
171 204 63 2
177 200 66 2
185 195 72 2
188 193 73 2
185 195 72 2
181 198 66 2
175 202 61 2
172 205 56 2
170 207 49 2
168 209 45 2
156 199 34 2
178 218 59 2
176 208 62 2
158 181 51 2
175 188 80 2
218 115 144 2
249 105 154 2
211 114 147 2
198 142 119 2
166 85 55 2
226 110 71 2
255 130 78 2
255 137 71 2
255 142 64 2
255 146 57 2
254 150 55 2
250 152 63 2
226 139 60 2
216 142 81 2
228 170 122 2
212 138 75 2
238 146 71 2
255 153 69 2
253 135 47 2
255 136 50 2
255 139 58 2
255 140 63 2
255 141 66 2
255 142 68 2
255 143 66 2
255 143 61 2
253 143 54 2
251 143 55 2
251 141 64 2
243 146 69 2
228 153 69 2
209 159 64 2
190 167 61 2
182 181 65 2
185 196 74 2
189 208 82 2
181 198 70 2
181 198 68 2
181 198 66 2
177 201 65 2
171 204 65 2
164 208 63 2
157 211 63 2
164 206 68 2
185 193 82 2
193 188 84 2
189 192 75 2
184 197 65 2
178 202 52 2
174 206 45 2
170 209 42 2
167 210 43 2
167 212 51 2
163 203 52 2
150 184 45 2
155 173 53 2
177 187 75 2
202 208 100 2
215 110 143 2
214 109 139 2
222 113 144 2
228 113 146 2
254 108 155 2
248 102 149 2
224 105 143 2
172 90 66 2
217 114 81 2
242 118 67 2
255 139 75 2
255 142 67 2
255 138 55 2
255 146 54 2
254 153 63 2
240 149 68 2
217 139 73 2
229 168 123 2
221 158 104 2
238 154 82 2
242 141 61 2
255 148 63 2
255 140 56 2
255 131 54 2
255 135 61 2
255 142 70 2
255 149 74 2
252 151 69 2
244 150 62 2
235 147 49 2
228 144 46 2
234 150 60 2
234 163 71 2
227 182 81 2
215 194 85 2
194 202 81 2
178 204 77 2
171 207 75 2
171 207 73 2
174 201 68 2
177 200 66 2
179 199 65 2
178 200 65 2
171 204 63 2
164 208 63 2
156 212 61 2
163 207 68 2
184 193 84 2
192 189 86 2
188 193 73 2
184 198 61 2
178 203 49 2
174 206 43 2
170 209 42 2
168 208 47 2
167 207 56 2
175 214 71 2
164 197 64 2
162 191 62 2
195 217 90 2
177 194 64 2
182 195 63 2
171 184 68 2
205 108 143 2
218 109 141 2
246 109 153 2
231 106 146 2
212 102 137 2
208 115 146 2
182 100 78 2
216 110 84 2
237 118 78 2
247 124 65 2
255 143 69 2
255 144 64 2
254 134 48 2
255 142 54 2
250 148 64 2
231 144 75 2
221 151 99 2
225 147 83 2
232 134 59 2
255 155 75 2
255 138 58 2
255 134 57 2
254 136 62 2
247 140 68 2
240 147 70 2
231 154 66 2
225 159 62 2
220 164 55 2
213 166 52 2
217 181 69 2
217 194 80 2
220 208 90 2
215 213 92 2
200 212 86 2
184 207 77 2
172 202 68 2
168 202 64 2
168 205 66 2
168 205 65 2
170 204 65 2
170 205 63 2
170 205 63 2
168 205 63 2
167 206 61 2
171 203 66 2
179 197 77 2
182 195 79 2
181 198 68 2
178 201 59 2
175 204 50 2
174 206 47 2
172 206 49 2
171 206 54 2
185 218 77 2
164 196 63 2
176 207 78 2
165 194 66 2
166 192 59 2
196 220 80 2
162 188 39 2
203 225 91 2
230 111 143 2
231 113 145 2
234 112 149 2
224 108 143 2
202 98 131 2
181 83 58 2
228 103 75 2
244 111 68 2
248 129 61 2
255 144 63 2
255 144 58 2
252 132 46 2
254 138 55 2
247 141 67 2
229 143 84 2
209 137 78 2
236 142 70 2
255 147 69 2
255 133 56 2
255 144 71 2
255 143 71 2
238 142 68 2
223 146 66 2
214 158 65 2
213 172 66 2
216 187 67 2
213 200 72 2
210 213 84 2
207 220 89 2
208 221 90 2
202 217 86 2
192 209 77 2
181 203 69 2
175 201 66 2
172 203 65 2
168 205 65 2
167 206 65 2
167 206 63 2
167 206 63 2
170 205 63 2
172 203 63 2
174 203 61 2
174 203 63 2
171 203 66 2
171 204 65 2
171 204 61 2
172 204 59 2
172 204 58 2
174 204 58 2
174 203 61 2
174 202 65 2
176 202 69 2
187 212 84 2
158 185 56 2
175 202 71 2
164 195 57 2
164 196 51 2
181 216 64 2
169 200 60 2
175 194 86 2
234 110 147 2
242 112 150 2
243 113 149 2
235 110 144 2
228 109 141 2
226 113 143 2
220 115 145 2
209 104 135 2
229 119 94 2
246 105 75 2
255 130 84 2
248 138 63 2
248 147 59 2
255 146 58 2
255 134 51 2
255 137 60 2
246 134 68 2
235 145 95 2
225 156 101 2
240 147 78 2
248 138 63 2
255 139 62 2
255 145 72 2
252 148 75 2
238 155 79 2
226 164 81 2
217 179 80 2
212 195 81 2
211 211 81 2
207 221 82 2
195 226 86 2
193 230 90 2
196 229 90 2
193 221 84 2
186 210 74 2
179 201 66 2
177 199 64 2
176 200 62 2
174 203 63 2
172 203 63 2
171 204 63 2
171 204 63 2
172 203 63 2
175 202 63 2
178 200 63 2
172 204 58 2
161 212 49 2
157 214 47 2
160 211 54 2
164 208 61 2
168 204 70 2
172 201 75 2
177 199 75 2
178 198 75 2
178 197 71 2
169 189 56 2
184 208 70 2
167 196 54 2
169 203 57 2
157 195 48 2
170 212 66 2
158 194 58 2
177 200 86 2
165 180 89 2
221 105 142 2
244 110 147 2
228 104 138 2
213 100 130 2
200 100 128 2
185 134 105 2
198 114 78 2
221 105 68 2
255 129 93 2
255 132 82 2
252 142 65 2
247 147 59 2
255 147 61 2
255 139 56 2
255 142 65 2
238 136 72 2
228 154 109 2
220 154 80 2
227 146 64 2
244 158 71 2
229 147 63 2
230 158 73 2
231 175 88 2
230 194 98 2
225 208 102 2
216 217 98 2
206 221 90 2
196 225 85 2
179 220 79 2
183 228 85 2
193 232 91 2
195 228 89 2
190 216 80 2
181 205 69 2
174 196 61 2
171 193 58 2
175 201 65 2
174 203 63 2
172 203 63 2
172 203 63 2
174 203 63 2
175 202 63 2
178 200 63 2
172 205 56 2
158 214 43 2
153 218 40 2
157 213 50 2
163 209 59 2
168 204 70 2
172 200 77 2
177 198 77 2
179 197 75 2
169 186 58 2
173 193 59 2
180 205 62 2
177 207 61 2
173 207 61 2
160 199 54 2
156 200 55 2
180 217 85 2
181 206 89 2
175 191 102 2
212 111 145 2
233 111 148 2
217 96 131 2
214 99 132 2
203 98 129 2
169 99 48 2
197 103 42 2
240 124 65 2
255 120 70 2
255 124 68 2
255 146 69 2
246 136 51 2
255 141 62 2
251 140 61 2
238 142 58 2
229 157 85 2
188 167 86 2
198 174 76 2
205 181 75 2
226 204 93 2
223 205 93 2
218 208 95 2
212 211 95 2
206 214 95 2
202 216 95 2
198 219 92 2
194 221 92 2
191 224 93 2
191 223 90 2
188 218 86 2
200 227 94 2
190 217 84 2
172 200 64 2
172 200 64 2
174 202 66 2
172 203 65 2
172 203 65 2
172 203 65 2
172 203 63 2
174 203 63 2
174 203 61 2
171 205 58 2
163 211 50 2
160 213 47 2
163 211 50 2
167 207 56 2
170 205 59 2
172 203 63 2
175 201 65 2
177 201 65 2
178 200 65 2
177 201 63 2
175 202 61 2
174 203 61 2
171 204 61 2
168 206 61 2
167 206 63 2
168 204 70 2
171 195 85 2
172 107 67 2
203 119 57 2
236 133 62 2
238 119 50 2
243 113 55 2
255 134 75 2
255 143 66 2
255 135 56 2
255 138 63 2
250 138 62 2
237 148 64 2
216 154 81 2
183 187 102 2
192 197 94 2
197 204 88 2
206 214 92 2
205 215 90 2
202 216 92 2
201 217 92 2
198 218 93 2
197 219 95 2
194 220 95 2
194 220 95 2
193 222 94 2
191 220 91 2
189 218 89 2
197 227 95 2
188 218 86 2
171 201 67 2
170 200 66 2
172 202 66 2
172 202 66 2
172 203 65 2
172 203 65 2
172 203 63 2
172 203 63 2
172 204 61 2
170 205 59 2
165 208 56 2
164 209 54 2
167 208 54 2
170 206 56 2
172 204 58 2
174 203 59 2
177 202 59 2
178 201 61 2
178 200 63 2
178 200 63 2
177 201 63 2
175 202 63 2
172 203 63 2
171 204 63 2
170 205 63 2
171 202 72 2
175 197 89 2
164 91 50 2
224 131 72 2
238 129 60 2
238 117 48 2
254 126 65 2
255 138 77 2
255 138 65 2
255 137 60 2
255 135 64 2
254 136 64 2
247 152 70 2
212 145 74 2
205 215 92 2
204 216 90 2
201 217 92 2
199 218 92 2
197 219 93 2
195 220 93 2
194 220 93 2
192 221 93 2
193 222 94 2
196 225 97 2
191 220 91 2
191 220 91 2
196 226 94 2
189 219 87 2
174 204 70 2
171 201 67 2
172 202 66 2
172 202 66 2
172 203 65 2
172 203 65 2
172 203 63 2
172 203 63 2
172 204 61 2
170 205 61 2
165 207 59 2
165 207 59 2
168 206 59 2
171 204 61 2
174 203 61 2
177 201 63 2
179 200 63 2
181 199 63 2
182 198 65 2
181 199 65 2
181 199 65 2
179 199 65 2
177 201 65 2
175 201 65 2
174 203 63 2
175 200 72 2
180 197 93 2
193 126 110 2
208 119 79 2
235 128 72 2
234 116 50 2
245 120 53 2
255 139 79 2
255 135 74 2
255 135 63 2
255 138 64 2
255 133 63 2
254 136 64 2
251 156 76 2
208 139 70 2
202 216 93 2
201 218 90 2
199 218 92 2
198 219 92 2
195 220 93 2
194 220 93 2
192 221 93 2
192 221 93 2
193 222 94 2
193 222 94 2
191 220 91 2
193 222 93 2
195 225 93 2
190 220 88 2
178 208 74 2
172 202 68 2
172 202 66 2
172 202 66 2
172 203 65 2
172 203 65 2
172 203 63 2
172 203 63 2
172 204 61 2
172 203 63 2
171 204 65 2
171 204 65 2
172 203 65 2
172 203 65 2
174 202 66 2
175 201 66 2
177 200 66 2
178 200 65 2
179 199 65 2
179 199 65 2
181 199 65 2
181 199 65 2
181 199 65 2
181 199 65 2
181 199 63 2
179 198 72 2
181 196 93 2
165 76 60 2
225 113 76 2
246 120 69 2
255 128 64 2
255 123 57 2
255 130 69 2
255 138 74 2
255 133 61 2
255 140 68 2
255 133 65 2
255 138 68 2
248 155 77 2
209 140 73 2
202 216 102 2
199 218 93 2
199 218 92 2
198 219 92 2
197 219 92 2
194 221 92 2
192 221 92 2
192 221 92 2
191 222 92 2
193 222 94 2
190 219 91 2
191 220 91 2
195 224 95 2
194 224 92 2
191 221 89 2
183 213 79 2
173 203 69 2
172 202 66 2
172 202 66 2
172 203 65 2
172 203 65 2
172 203 63 2
172 203 63 2
172 204 61 2
175 202 63 2
179 199 68 2
181 198 70 2
179 198 70 2
177 200 70 2
172 202 68 2
171 203 68 2
170 204 68 2
170 204 66 2
170 204 66 2
172 202 66 2
175 201 65 2
179 199 65 2
184 198 63 2
186 196 63 2
189 195 63 2
186 194 73 2
180 197 95 2
181 101 94 2
215 105 88 2
234 104 68 2
251 109 59 2
255 126 66 2
255 126 61 2
255 126 61 2
255 143 76 2
255 135 62 2
255 143 67 2
254 140 69 2
249 147 73 2
235 153 71 2
211 151 81 2
193 212 96 2
198 218 95 2
197 219 92 2
197 219 92 2
195 220 92 2
192 221 92 2
192 221 92 2
191 222 92 2
191 222 92 2
193 222 94 2
187 216 88 2
191 220 91 2
197 226 97 2
193 223 91 2
192 222 90 2
187 217 83 2
174 204 70 2
172 202 66 2
172 202 66 2
172 203 65 2
172 203 65 2
172 203 63 2
172 203 63 2
172 204 61 2
175 201 65 2
182 197 70 2
185 195 73 2
181 197 72 2
178 199 70 2
172 202 70 2
168 204 68 2
165 206 68 2
164 207 66 2
165 206 65 2
167 206 65 2
171 204 63 2
175 202 63 2
181 199 63 2
185 197 63 2
189 195 63 2
185 195 73 2
177 198 97 2
167 66 54 2
255 131 107 2
255 112 75 2
253 103 52 2
255 111 51 2
255 129 61 2
255 136 66 2
255 141 68 2
244 141 62 2
246 149 68 2
241 150 71 2
238 157 76 2
216 152 64 2
213 165 91 2
194 215 98 2
195 220 93 2
195 220 90 2
194 221 90 2
192 222 90 2
192 221 92 2
191 222 92 2
191 223 90 2
191 222 92 2
193 222 94 2
184 213 85 2
191 220 91 2
198 227 98 2
193 223 91 2
193 223 91 2
190 220 86 2
174 204 70 2
172 202 66 2
172 202 66 2
172 203 65 2
172 203 65 2
172 203 63 2
172 203 63 2
172 204 61 2
175 201 65 2
179 198 70 2
181 197 73 2
179 198 72 2
177 200 70 2
172 202 68 2
170 204 66 2
167 206 65 2
165 207 63 2
164 208 61 2
165 207 61 2
168 206 59 2
171 205 59 2
174 203 59 2
177 201 61 2
178 201 61 2
177 199 72 2
170 198 96 2
204 102 77 2
230 106 70 2
252 114 67 2
251 111 52 2
252 121 53 2
255 138 65 2
249 146 67 2
232 141 58 2
228 151 61 2
226 157 66 2
222 161 72 2
223 169 79 2
195 155 59 2
207 178 98 2
194 220 93 2
192 222 90 2
192 222 90 2
192 222 90 2
191 222 92 2
191 222 92 2
190 223 90 2
191 222 92 2
193 222 94 2
183 212 84 2
191 220 91 2
192 222 90 2
193 223 91 2
191 221 87 2
175 205 71 2
172 202 66 2
172 202 66 2
172 203 65 2
172 203 65 2
172 203 63 2
172 203 63 2
172 204 61 2
172 203 63 2
174 201 68 2
175 200 70 2
174 201 68 2
174 202 66 2
172 203 65 2
171 204 63 2
170 205 61 2
170 205 59 2
168 206 59 2
168 206 58 2
168 206 58 2
168 206 58 2
168 206 59 2
168 206 59 2
168 206 61 2
170 203 73 2
169 193 97 2
209 120 76 2
224 118 66 2
229 115 53 2
227 114 44 2
229 128 48 2
233 147 60 2
224 155 62 2
209 153 56 2
221 178 74 2
223 188 84 2
220 192 92 2
217 198 96 2
219 208 102 2
190 218 97 2
192 221 92 2
191 223 88 2
191 223 88 2
191 223 90 2
191 223 90 2
191 223 90 2
191 223 90 2
191 222 92 2
192 221 93 2
193 222 94 2
190 219 90 2
193 222 93 2
189 219 87 2
191 221 89 2
196 226 92 2
173 203 69 2
172 202 66 2
172 202 66 2
172 203 65 2
172 203 65 2
172 203 63 2
172 203 63 2
172 204 61 2
170 205 63 2
161 202 61 2
160 203 62 2
163 202 61 2
169 204 62 2
174 206 63 2
176 203 60 2
175 200 56 2
172 196 50 2
181 206 60 2
173 201 54 2
166 200 53 2
164 202 54 2
159 203 54 2
154 204 55 2
155 209 61 2
169 208 81 2
185 189 102 2
153 106 54 2
192 127 63 2
206 130 55 2
211 132 53 2
213 139 52 2
220 159 66 2
231 183 83 2
229 196 89 2
217 197 84 2
212 199 84 2
213 206 92 2
206 206 94 2
201 209 97 2
201 214 100 2
192 220 97 2
191 223 90 2
191 223 88 2
191 223 88 2
191 223 88 2
191 223 90 2
191 223 90 2
191 223 90 2
192 221 92 2
192 221 93 2
193 222 94 2
190 219 90 2
193 222 93 2
189 219 87 2
191 221 89 2
196 226 92 2
173 203 69 2
172 202 66 2
172 202 66 2
172 203 65 2
172 203 65 2
172 203 63 2
172 203 63 2
172 204 61 2
170 205 61 2
171 213 69 2
169 213 68 2
169 211 65 2
169 207 60 2
169 203 56 2
171 201 53 2
174 202 53 2
177 203 54 2
177 202 56 2
185 210 66 2
183 210 67 2
173 202 60 2
171 204 65 2
178 212 74 2
170 206 70 2
169 181 69 2
224 187 117 2
184 162 89 2
195 165 75 2
202 168 70 2
203 170 67 2
200 173 66 2
203 190 78 2
213 210 93 2
211 220 95 2
202 217 88 2
208 220 94 2
206 222 98 2
193 217 95 2
188 218 96 2
187 219 96 2
192 223 94 2
191 223 88 2
190 224 86 2
191 223 88 2
191 223 88 2
192 222 90 2
192 222 90 2
192 221 92 2
192 221 92 2
192 221 93 2
193 222 94 2
190 219 90 2
193 222 93 2
189 219 87 2
191 221 89 2
196 226 92 2
173 203 69 2
172 202 66 2
172 202 66 2
172 203 65 2
172 203 65 2
172 203 63 2
172 203 63 2
172 204 61 2
174 203 61 2
175 202 61 2
174 201 58 2
173 202 58 2
170 204 57 2
169 208 57 2
169 210 56 2
166 209 55 2
168 208 57 2
183 219 71 2
174 203 61 2
177 197 63 2
190 201 73 2
188 187 68 2
180 170 57 2
197 180 74 2
241 196 113 2
222 127 83 2
170 61 40 2
201 197 106 2
200 198 87 2
201 200 81 2
194 198 77 2
187 197 75 2
187 205 83 2
195 220 93 2
192 224 89 2
185 217 80 2
203 229 96 2
184 221 92 2
182 224 96 2
180 222 94 2
194 225 95 2
191 223 86 2
191 224 85 2
191 223 86 2
192 222 88 2
192 222 90 2
194 221 92 2
194 221 92 2
194 221 92 2
192 221 93 2
193 222 94 2
190 219 90 2
193 222 93 2
189 219 87 2
191 221 89 2
196 226 92 2
173 203 69 2
172 202 66 2
172 202 66 2
172 203 65 2
172 203 65 2
172 203 63 2
172 203 63 2
172 204 61 2
177 201 61 2
180 194 57 2
179 191 53 2
173 194 53 2
172 202 56 2
172 211 60 2
167 212 59 2
159 205 54 2
152 196 47 2
156 191 49 2
182 204 70 2
201 202 83 2
206 185 80 2
223 179 88 2
237 174 95 2
218 139 70 2
193 87 37 2
189 40 20 2
193 38 33 2
171 44 37 2
157 157 83 2
178 185 81 2
179 196 68 2
177 201 65 2
170 202 67 2
166 202 70 2
175 212 81 2
188 228 95 2
191 232 92 2
188 225 85 2
198 226 90 2
195 225 93 2
178 219 87 2
180 227 95 2
179 227 92 2
193 221 98 2
195 225 91 2
191 224 85 2
191 224 83 2
192 222 86 2
192 222 88 2
194 221 90 2
195 220 92 2
197 219 93 2
195 220 93 2
194 220 93 2
193 222 94 2
190 219 90 2
193 222 93 2
189 219 87 2
191 221 89 2
196 226 92 2
173 203 69 2
172 202 66 2
172 202 66 2
172 203 65 2
172 203 65 2
172 203 63 2
172 203 63 2
172 204 61 2
178 201 61 2
192 200 65 2
195 198 65 2
186 200 63 2
177 202 59 2
168 203 57 2
160 202 56 2
158 202 57 2
163 197 59 2
178 197 69 2
184 181 68 2
212 179 84 2
247 181 107 2
246 147 92 2
213 85 46 2
192 42 15 2
203 31 17 2
214 20 21 2
236 42 51 2
226 60 64 2
176 40 42 2
191 188 109 2
179 187 76 2
169 193 57 2
165 201 53 2
157 202 59 2
155 202 64 2
169 212 79 2
185 227 93 2
193 230 91 2
192 223 83 2
196 220 84 2
195 221 88 2
176 216 83 2
181 227 92 2
192 218 91 2
195 225 89 2
191 224 83 2
191 224 83 2
192 223 85 2
194 221 88 2
195 220 90 2
197 219 92 2
198 218 93 2
197 219 93 2
194 220 93 2
193 222 94 2
190 219 90 2
193 222 93 2
189 219 87 2
191 221 89 2
196 226 92 2
173 203 69 2
172 202 66 2
172 202 66 2
172 203 65 2
172 203 65 2
172 203 63 2
172 203 63 2
172 204 61 2
175 202 61 2
180 196 61 2
186 199 67 2
183 204 67 2
176 200 62 2
169 196 57 2
171 197 61 2
186 206 75 2
205 211 89 2
196 179 73 2
219 175 86 2
217 140 72 2
190 79 33 2
183 37 12 2
206 33 26 2
232 37 41 2
243 31 45 2
241 18 36 2
231 14 31 2
219 21 34 2
220 49 58 2
192 52 61 2
198 185 106 2
198 201 86 2
180 201 60 2
173 209 57 2
163 209 61 2
160 204 65 2
172 209 77 2
189 218 89 2
198 218 84 2
197 211 76 2
203 215 81 2
199 219 86 2
182 215 82 2
186 226 93 2
189 216 87 2
194 225 87 2
191 224 81 2
191 224 81 2
192 223 85 2
194 221 88 2
195 220 90 2
197 219 92 2
198 218 93 2
198 218 95 2
194 220 93 2
193 222 94 2
190 219 90 2
193 222 93 2
189 219 87 2
191 221 89 2
196 226 92 2
173 203 69 2
172 202 66 2
172 202 66 2
172 203 65 2
172 203 65 2
172 203 63 2
172 203 63 2
172 204 61 2
170 205 63 2
159 202 60 2
156 199 58 2
159 196 57 2
170 198 62 2
185 200 71 2
197 195 74 2
204 182 71 2
212 166 70 2
212 139 60 2
192 89 30 2
175 46 7 2
191 34 15 2
218 36 35 2
233 31 45 2
243 26 53 2
255 28 58 2
250 21 44 2
236 9 29 2
255 39 56 2
213 15 32 2
220 45 62 2
204 56 78 2
197 186 96 2
189 190 70 2
185 204 62 2
178 211 60 2
168 210 64 2
164 206 68 2
175 212 81 2
192 221 93 2
202 221 93 2
200 213 82 2
204 218 83 2
201 221 87 2
186 218 83 2
188 226 91 2
188 215 102 2
188 212 88 2
195 223 87 2
194 222 85 2
194 223 83 2
195 221 86 2
197 220 88 2
198 219 90 2
199 218 92 2
201 217 93 2
199 218 93 2
195 220 93 2
193 222 93 2
190 219 90 2
192 224 91 2
188 220 87 2
190 222 87 2
196 226 92 2
173 203 67 2
174 202 66 2
175 201 65 2
175 202 63 2
175 202 63 2
174 203 61 2
172 204 61 2
171 205 59 2
168 205 63 2
176 213 81 2
163 193 69 2
162 180 60 2
188 186 75 2
223 195 95 2
230 176 88 2
205 123 49 2
182 73 14 2
176 40 0 2
204 44 18 2
224 46 34 2
231 36 40 2
232 24 40 2
235 19 43 2
242 19 50 2
244 19 51 2
253 31 54 2
251 29 50 2
232 14 31 2
250 37 57 2
242 43 64 2
193 13 38 2
205 52 80 2
191 186 105 2
186 185 77 2
199 204 76 2
188 202 63 2
179 204 60 2
166 201 59 2
158 198 63 2
169 208 81 2
188 218 94 2
192 222 86 2
192 224 81 2
190 224 85 2
188 225 86 2
188 224 90 2
199 221 97 2
199 220 91 2
200 220 89 2
199 219 88 2
201 218 88 2
202 217 90 2
203 215 91 2
203 214 92 2
200 216 92 2
193 215 88 2
197 224 93 2
194 226 93 2
184 220 86 2
187 223 87 2
193 230 91 2
188 220 83 2
174 202 65 2
178 200 63 2
179 200 61 2
181 200 59 2
178 199 58 2
172 200 55 2
166 200 53 2
160 200 49 2
164 195 57 2
191 193 84 2
214 190 102 2
223 180 101 2
215 148 80 2
196 99 46 2
188 60 21 2
199 40 18 2
217 35 24 2
234 31 34 2
242 26 37 2
246 23 41 2
246 23 42 2
245 23 44 2
242 25 46 2
238 27 46 2
234 29 46 2
228 32 46 2
228 32 46 2
235 28 44 2
238 27 44 2
239 26 44 2
234 28 48 2
222 33 51 2
204 41 58 2
185 193 94 2
181 190 71 2
191 203 69 2
187 201 62 2
181 202 61 2
171 200 60 2
165 197 62 2
173 205 80 2
189 218 100 2
190 223 92 2
188 224 88 2
188 224 88 2
188 224 92 2
188 223 97 2
195 219 95 2
196 221 93 2
198 221 89 2
197 220 88 2
197 220 88 2
198 219 88 2
197 218 89 2
197 218 91 2
196 218 91 2
197 222 92 2
201 228 95 2
196 226 92 2
185 217 82 2
183 217 81 2
188 222 84 2
185 219 81 2
176 208 71 2
171 199 63 2
175 199 63 2
178 198 64 2
184 198 63 2
187 197 64 2
191 197 65 2
194 197 66 2
205 189 75 2
226 175 94 2
212 133 74 2
184 88 38 2
176 58 20 2
193 47 24 2
217 43 34 2
235 36 39 2
244 26 40 2
252 20 42 2
255 18 44 2
253 19 46 2
250 20 46 2
243 24 44 2
238 27 44 2
232 30 42 2
228 32 44 2
222 35 46 2
224 33 48 2
232 30 46 2
238 27 44 2
243 25 42 2
242 26 41 2
235 29 42 2
221 36 44 2
212 57 63 2
168 45 48 2
179 198 93 2
175 194 68 2
180 198 60 2
182 201 57 2
183 202 58 2
177 198 59 2
173 193 60 2
183 199 74 2
201 212 94 2
209 216 104 2
201 213 101 2
190 225 97 2
184 222 87 2
188 226 87 2
188 227 86 2
185 226 85 2
185 226 85 2
185 226 86 2
184 225 87 2
183 225 89 2
186 224 89 2
185 217 80 2
190 216 81 2
194 216 82 2
199 220 89 2
181 214 81 2
151 191 58 2
154 200 66 2
162 203 73 2
177 206 80 2
193 200 84 2
209 186 80 2
216 166 71 2
220 144 58 2
226 128 57 2
181 63 13 2
181 48 13 2
181 38 8 2
195 39 17 2
218 46 34 2
237 47 46 2
241 37 44 2
240 25 40 2
243 25 42 2
245 23 44 2
243 24 44 2
239 26 44 2
235 28 44 2
231 31 44 2
227 33 42 2
227 33 44 2
229 31 46 2
232 29 48 2
235 28 46 2
238 27 44 2
241 26 42 2
241 26 41 2
235 29 41 2
225 33 44 2
203 32 41 2
197 51 61 2
195 84 91 2
179 64 67 2
174 196 87 2
172 197 67 2
175 203 58 2
174 202 53 2
177 206 54 2
174 202 57 2
172 196 58 2
180 200 69 2
196 210 86 2
207 216 97 2
204 214 99 2
197 217 102 2
187 225 90 2
182 220 81 2
186 228 84 2
186 228 84 2
184 228 83 2
184 227 85 2
183 227 86 2
182 226 87 2
180 227 89 2
184 224 89 2
193 225 90 2
203 229 94 2
206 229 97 2
199 220 91 2
188 209 82 2
182 204 80 2
180 204 82 2
183 204 87 2
194 208 97 2
200 201 97 2
211 188 95 2
215 164 83 2
213 130 62 2
204 91 35 2
193 55 9 2
190 32 0 2
201 31 8 2
214 34 19 2
223 41 30 2
227 38 32 2
224 30 30 2
224 23 29 2
229 23 35 2
234 26 40 2
238 27 44 2
236 28 44 2
235 28 44 2
234 29 44 2
231 31 44 2
229 31 44 2
227 33 42 2
229 31 44 2
235 28 46 2
239 26 48 2
239 26 46 2
239 27 42 2
239 27 41 2
239 27 41 2
236 28 41 2
231 31 42 2
225 37 51 2
223 53 66 2
172 27 42 2
189 74 81 2
197 66 72 2
192 48 57 2
162 21 27 2
158 36 35 2
202 78 80 2
217 72 85 2
203 62 78 2
185 69 82 2
170 179 96 2
170 188 78 2
174 201 68 2
178 214 64 2
162 206 47 2
166 212 52 2
164 211 55 2
159 205 54 2
164 206 62 2
179 217 78 2
189 225 91 2
193 222 93 2
198 218 95 2
199 217 95 2
198 218 93 2
197 219 93 2
195 220 92 2
194 221 90 2
191 222 92 2
190 223 93 2
183 218 90 2
183 217 94 2
190 215 97 2
191 216 96 2
194 220 95 2
198 225 94 2
195 225 91 2
191 222 84 2
186 217 77 2
193 225 82 2
193 225 82 2
191 224 83 2
191 224 85 2
191 223 88 2
190 222 89 2
190 221 92 2
191 220 92 2
199 220 93 2
194 217 87 2
187 218 88 2
190 225 97 2
197 200 95 2
207 182 92 2
230 168 95 2
230 133 78 2
218 89 49 2
205 50 22 2
199 28 10 2
205 24 13 2
217 34 26 2
233 40 35 2
250 37 39 2
252 33 39 2
245 28 36 2
238 23 31 2
230 19 28 2
229 21 34 2
235 29 42 2
240 35 50 2
232 30 44 2
231 30 46 2
231 31 44 2
231 31 44 2
231 31 42 2
231 31 42 2
232 30 42 2
235 29 42 2
242 24 48 2
245 23 48 2
242 25 46 2
239 27 42 2
238 28 41 2
238 28 39 2
239 27 39 2
238 28 41 2
249 42 58 2
227 32 49 2
211 35 55 2
178 29 48 2
194 66 79 2
197 47 58 2
215 51 58 2
225 58 65 2
209 45 52 2
194 40 48 2
196 52 61 2
199 57 71 2
218 64 88 2
207 60 88 2
188 66 89 2
179 187 78 2
177 200 66 2
179 213 64 2
160 204 45 2
163 214 51 2
164 214 55 2
159 206 52 2
162 204 56 2
176 215 72 2
188 225 86 2
195 225 91 2
198 218 93 2
201 217 93 2
199 218 92 2
198 219 90 2
197 220 86 2
194 222 85 2
192 223 83 2
190 225 83 2
181 218 76 2
185 222 82 2
188 225 86 2
186 222 86 2
181 217 85 2
181 214 84 2
184 216 91 2
189 219 95 2
187 213 88 2
190 215 88 2
193 218 90 2
195 222 91 2
197 225 89 2
196 224 87 2
192 221 81 2
190 219 79 2
195 224 84 2
195 223 86 2
194 222 86 2
194 221 90 2
194 221 92 2
193 219 94 2
193 218 98 2
197 216 98 2
210 217 103 2
203 206 93 2
203 205 95 2
215 183 96 2
194 134 62 2
189 94 38 2
169 37 0 2
197 32 12 2
224 32 27 2
241 34 40 2
247 35 47 2
244 32 46 2
235 27 43 2
235 20 36 2
245 14 32 2
252 15 33 2
252 19 38 2
251 24 43 2
246 28 44 2
242 31 46 2
240 35 50 2
239 39 52 2
229 31 46 2
229 31 46 2
231 31 44 2
232 30 44 2
235 29 42 2
236 28 42 2
239 27 41 2
242 25 42 2
246 22 48 2
246 22 48 2
242 25 46 2
239 27 42 2
238 28 41 2
239 27 39 2
242 26 39 2
243 25 39 2
247 29 46 2
222 11 30 2
235 39 61 2
213 40 60 2
171 28 46 2
210 55 69 2
231 49 61 2
239 50 56 2
213 30 32 2
191 26 30 2
235 81 89 2
255 130 146 2
255 124 146 2
179 41 67 2
196 72 100 2
195 190 86 2
183 194 64 2
178 202 56 2
165 198 45 2
172 209 52 2
176 209 56 2
172 200 53 2
177 196 55 2
192 206 69 2
203 217 82 2
205 220 91 2
199 217 97 2
197 218 101 2
197 218 99 2
195 219 95 2
192 221 92 2
191 223 90 2
190 224 88 2
188 225 86 2
186 225 84 2
190 229 88 2
193 230 90 2
190 227 88 2
187 221 85 2
185 218 85 2
190 222 89 2
194 225 95 2
187 216 87 2
192 219 90 2
195 222 91 2
194 224 90 2
193 223 87 2
192 222 86 2
191 221 85 2
190 220 84 2
192 224 89 2
192 224 91 2
191 222 93 2
191 221 97 2
230 192 107 2
237 178 102 2
236 148 85 2
220 99 52 2
200 53 19 2
203 34 11 2
220 37 23 2
227 34 29 2
227 28 31 2
224 23 31 2
223 18 33 2
226 17 38 2
231 19 42 2
239 22 49 2
247 24 51 2
255 28 54 2
255 28 50 2
255 27 50 2
245 23 44 2
233 20 38 2
226 19 35 2
226 24 40 2
229 28 44 2
231 30 46 2
232 30 46 2
235 28 44 2
239 26 44 2
243 25 42 2
248 22 42 2
250 21 41 2
250 21 42 2
246 22 48 2
243 23 48 2
241 25 46 2
239 27 42 2
241 26 41 2
242 26 39 2
245 25 37 2
248 23 39 2
233 8 26 2
255 40 59 2
218 12 32 2
205 18 37 2
227 64 81 2
165 24 40 2
224 70 82 2
235 50 56 2
231 41 41 2
237 59 57 2
255 109 108 2
255 120 143 2
197 75 100 2
194 172 96 2
207 193 92 2
186 192 68 2
174 195 54 2
164 197 48 2
173 208 56 2
179 207 60 2
176 197 56 2
181 193 57 2
193 203 70 2
205 215 84 2
208 220 94 2
198 217 99 2
194 219 101 2
194 220 97 2
192 221 95 2
191 222 92 2
190 223 90 2
190 224 88 2
190 222 87 2
187 219 82 2
186 216 80 2
191 218 85 2
197 223 90 2
200 223 93 2
197 218 89 2
189 214 86 2
188 221 91 2
188 223 93 2
192 225 95 2
193 224 94 2
192 221 92 2
194 219 91 2
198 217 92 2
202 216 95 2
206 215 98 2
209 213 102 2
212 209 104 2
215 207 108 2
196 131 67 2
190 96 45 2
188 69 29 2
211 63 35 2
237 57 43 2
243 40 36 2
242 23 29 2
244 18 29 2
251 26 40 2
246 25 42 2
240 25 43 2
236 24 46 2
235 25 50 2
240 27 55 2
245 31 59 2
250 31 61 2
246 26 52 2
243 23 48 2
241 23 47 2
241 28 48 2
242 35 53 2
240 35 52 2
230 28 44 2
221 20 36 2
232 30 46 2
235 28 46 2
239 26 44 2
243 24 44 2
248 22 42 2
252 20 42 2
255 18 41 2
252 20 42 2
242 24 48 2
238 26 48 2
238 27 46 2
241 26 42 2
243 25 41 2
246 24 39 2
249 23 37 2
249 23 37 2
252 27 43 2
238 21 38 2
235 28 46 2
224 31 48 2
183 6 22 2
192 31 47 2
207 59 75 2
174 49 65 2
197 66 72 2
214 54 54 2
227 62 56 2
255 109 104 2
228 108 117 2
191 170 117 2
201 174 101 2
195 179 83 2
197 202 82 2
183 207 71 2
164 202 57 2
160 202 56 2
164 199 57 2
169 197 61 2
176 197 66 2
183 203 72 2
187 210 80 2
189 214 86 2
196 220 98 2
196 220 100 2
195 219 97 2
194 218 94 2
194 220 93 2
195 221 94 2
197 222 94 2
200 222 95 2
196 217 90 2
199 215 90 2
201 215 91 2
205 215 93 2
210 215 95 2
212 215 98 2
215 216 99 2
209 220 102 2
180 222 98 2
184 218 98 2
191 214 98 2
202 210 99 2
215 208 104 2
227 204 108 2
248 192 115 2
240 170 101 2
229 143 84 2
214 117 66 2
200 92 46 2
188 72 31 2
188 59 27 2
212 61 44 2
227 60 52 2
234 61 55 2
235 53 52 2
233 40 45 2
234 30 39 2
242 27 42 2
250 27 46 2
250 21 42 2
252 20 44 2
250 20 46 2
246 22 48 2
242 24 49 2
238 26 49 2
234 28 49 2
232 29 49 2
232 29 49 2
232 29 49 2
232 29 49 2
232 29 48 2
232 29 48 2
232 29 48 2
234 29 46 2
235 28 46 2
236 28 44 2
239 26 44 2
242 25 44 2
245 24 42 2
248 22 42 2
250 21 42 2
253 20 42 2
246 23 44 2
234 29 46 2
229 31 48 2
235 28 46 2
241 26 42 2
246 23 41 2
250 22 39 2
250 22 37 2
249 23 37 2
244 26 40 2
236 28 41 2
227 29 42 2
221 31 43 2
211 31 43 2
206 31 46 2
201 30 48 2
187 34 54 2
188 81 73 2
186 70 57 2
204 87 78 2
190 84 84 2
196 157 114 2
217 171 109 2
215 179 95 2
188 175 70 2
181 191 69 2
173 200 69 2
168 201 68 2
171 197 70 2
174 196 72 2
179 197 77 2
183 201 81 2
183 209 86 2
184 212 89 2
195 219 95 2
196 218 94 2
195 217 91 2
195 215 90 2
195 215 90 2
195 215 90 2
198 214 90 2
200 214 91 2
201 210 91 2
206 209 92 2
209 207 94 2
213 207 97 2
217 206 98 2
221 206 102 2
224 205 102 2
221 207 106 2
222 195 108 2
220 179 99 2
221 163 90 2
225 150 85 2
184 90 36 2
195 84 38 2
205 79 41 2
213 72 44 2
222 67 47 2
227 64 49 2
231 60 50 2
236 57 53 2
238 47 55 2
244 48 62 2
245 50 66 2
241 46 62 2
232 37 51 2
228 32 46 2
234 29 46 2
242 29 49 2
245 23 46 2
249 21 46 2
250 20 46 2
249 21 46 2
246 22 46 2
242 25 46 2
236 27 46 2
234 29 46 2
229 30 49 2
228 31 51 2
229 30 49 2
231 30 48 2
232 29 48 2
234 29 46 2
236 27 46 2
238 27 44 2
239 26 44 2
241 26 42 2
242 25 42 2
243 25 42 2
243 25 42 2
245 24 42 2
245 24 42 2
239 26 44 2
227 32 46 2
224 34 46 2
232 30 44 2
241 26 42 2
248 23 41 2
252 21 39 2
252 21 37 2
248 23 37 2
240 28 40 2
232 31 41 2
223 32 40 2
218 32 43 2
212 30 42 2
211 29 42 2
211 26 44 2
201 27 50 2
190 43 71 2
199 128 100 2
230 147 103 2
247 173 110 2
212 166 81 2
214 190 92 2
200 198 89 2
192 198 88 2
192 195 88 2
191 192 88 2
193 191 90 2
191 194 91 2
183 199 92 2
183 203 90 2
204 222 100 2
206 222 97 2
205 221 96 2
205 219 95 2
204 218 95 2
205 216 94 2
205 213 94 2
207 210 95 2
217 215 104 2
221 213 106 2
223 210 106 2
227 207 108 2
229 205 107 2
232 201 108 2
234 200 110 2
245 192 112 2
252 163 103 2
254 146 97 2
238 127 81 2
220 105 60 2
207 85 44 2
199 71 34 2
196 61 29 2
197 56 28 2
212 61 40 2
218 58 42 2
223 57 45 2
227 54 48 2
232 52 51 2
235 51 53 2
237 51 54 2
237 50 59 2
234 49 65 2
234 51 71 2
233 50 68 2
228 47 64 2
221 40 55 2
218 36 49 2
221 35 49 2
227 35 50 2
231 30 46 2
236 27 46 2
241 26 44 2
245 24 42 2
246 23 42 2
248 23 41 2
248 23 41 2
243 25 42 2
235 28 48 2
231 29 51 2
232 29 49 2
234 28 48 2
236 27 46 2
238 27 44 2
239 27 42 2
241 26 42 2
241 26 42 2
241 26 41 2
239 27 41 2
238 27 42 2
235 29 42 2
234 29 44 2
232 30 44 2
228 32 46 2
221 35 46 2
221 36 44 2
231 31 44 2
239 27 42 2
249 22 41 2
252 21 39 2
250 22 37 2
245 25 37 2
236 30 40 2
227 33 41 2
219 34 40 2
215 34 41 2
212 30 42 2
214 28 42 2
216 23 42 2
208 24 48 2
183 24 52 2
153 29 5 2
193 71 32 2
193 97 39 2
201 124 54 2
192 135 58 2
190 139 60 2
198 142 68 2
206 146 76 2
215 152 83 2
219 162 93 2
215 173 99 2
214 179 97 2
221 187 97 2
221 188 93 2
223 188 94 2
223 188 96 2
221 186 96 2
219 182 94 2
219 177 93 2
221 174 94 2
210 158 82 2
208 152 78 2
200 140 70 2
193 125 60 2
183 109 46 2
173 94 35 2
164 83 27 2
175 70 23 2
195 45 18 2
212 41 24 2
218 47 30 2
225 52 38 2
229 55 44 2
234 57 49 2
235 58 52 2
236 57 53 2
238 56 55 2
238 55 57 2
238 53 58 2
239 52 59 2
238 51 58 2
240 50 60 2
239 49 59 2
237 49 63 2
234 51 69 2
231 50 69 2
228 47 66 2
225 42 60 2
220 38 53 2
220 35 51 2
221 35 49 2
223 35 49 2
225 33 46 2
229 31 44 2
232 30 42 2
236 28 41 2
239 27 39 2
243 25 39 2
245 25 37 2
243 25 41 2
236 27 48 2
235 27 49 2
235 28 48 2
236 27 46 2
239 26 44 2
241 26 42 2
241 26 41 2
241 26 41 2
241 26 41 2
239 27 41 2
236 28 41 2
234 29 42 2
231 31 44 2
228 32 46 2
225 33 46 2
224 34 46 2
221 36 44 2
224 34 42 2
232 30 42 2
239 27 41 2
246 24 39 2
249 22 39 2
246 24 39 2
242 26 39 2
235 31 40 2
227 33 41 2
219 34 40 2
215 34 41 2
214 30 42 2
215 27 42 2
218 22 42 2
211 23 45 2
193 27 49 2
182 44 67 2
188 44 51 2
206 32 33 2
215 34 25 2
210 46 21 2
184 35 2 2
188 50 13 2
187 49 13 2
192 41 14 2
194 34 12 2
193 26 8 2
184 23 3 2
170 24 0 2
163 25 0 2
193 63 31 2
194 65 34 2
196 67 36 2
197 68 39 2
196 66 40 2
193 63 39 2
191 59 38 2
190 55 36 2
203 66 50 2
206 64 50 2
209 62 52 2
212 61 54 2
214 59 54 2
218 58 56 2
220 58 56 2
225 55 55 2
237 55 54 2
242 54 53 2
244 56 55 2
245 56 58 2
242 56 57 2
240 54 57 2
236 51 56 2
234 49 55 2
234 50 58 2
234 50 58 2
233 52 61 2
232 52 61 2
233 53 62 2
232 55 63 2
232 55 63 2
234 54 65 2
238 53 67 2
235 47 62 2
232 39 56 2
230 33 50 2
231 30 48 2
232 29 48 2
232 30 46 2
230 30 43 2
228 32 44 2
227 33 42 2
225 34 42 2
225 34 41 2
227 34 39 2
228 33 39 2
229 32 39 2
232 31 41 2
238 27 46 2
241 25 46 2
241 25 46 2
241 26 44 2
241 26 41 2
241 27 39 2
241 27 39 2
239 27 39 2
238 28 39 2
236 29 39 2
235 29 41 2
232 30 42 2
231 31 44 2
228 32 46 2
227 32 48 2
227 32 46 2
229 32 42 2
232 31 41 2
235 29 41 2
239 27 41 2
242 26 39 2
243 25 39 2
242 26 39 2
239 27 41 2
235 31 42 2
229 32 42 2
223 31 42 2
219 32 43 2
216 28 42 2
217 26 42 2
216 23 42 2
210 25 43 2
196 30 44 2
192 37 53 2
195 49 70 2
191 26 43 2
229 27 43 2
235 20 28 2
246 42 41 2
229 36 27 2
214 30 20 2
219 30 24 2
234 28 32 2
246 29 38 2
254 29 43 2
252 32 44 2
241 37 44 2
234 41 44 2
232 46 51 2
233 50 55 2
238 54 62 2
240 59 68 2
241 60 69 2
237 57 68 2
233 53 65 2
231 49 64 2
239 57 72 2
240 55 71 2
239 52 71 2
240 48 69 2
239 46 67 2
239 43 65 2
239 41 64 2
238 41 59 2
248 54 65 2
244 50 59 2
237 46 54 2
234 43 51 2
233 43 53 2
238 48 58 2
242 55 66 2
246 58 72 2
241 55 68 2
240 56 68 2
237 55 67 2
236 56 67 2
235 55 66 2
232 55 65 2
231 54 64 2
234 53 62 2
245 53 64 2
241 44 54 2
234 34 45 2
232 27 40 2
234 26 40 2
236 28 42 2
235 27 41 2
233 27 40 2
234 29 42 2
231 31 41 2
228 33 41 2
227 33 41 2
228 33 41 2
228 33 41 2
228 33 41 2
232 30 42 2
241 26 44 2
243 24 44 2
242 25 44 2
241 26 42 2
241 27 39 2
239 28 37 2
238 28 37 2
236 29 37 2
236 29 37 2
235 30 37 2
235 29 39 2
234 29 42 2
234 29 44 2
234 29 46 2
234 28 48 2
235 28 46 2
239 27 42 2
241 26 41 2
239 27 41 2
239 27 41 2
238 28 39 2
238 28 41 2
238 28 41 2
236 28 42 2
236 30 43 2
234 29 44 2
229 28 44 2
225 28 45 2
221 26 43 2
217 26 44 2
213 24 42 2
208 26 41 2
205 34 42 2
202 35 43 2
204 33 49 2
192 36 57 2
206 34 58 2
248 34 58 2
251 22 42 2
242 25 34 2
227 18 23 2
227 28 31 2
232 28 37 2
246 25 43 2
255 23 47 2
255 21 47 2
251 21 47 2
236 25 42 2
226 26 39 2
227 29 44 2
231 34 51 2
238 41 58 2
244 49 66 2
243 52 70 2
240 51 69 2
235 48 65 2
232 45 64 2
232 45 64 2
233 46 65 2
234 47 64 2
236 47 65 2
238 49 67 2
242 51 69 2
243 52 68 2
243 52 67 2
227 41 52 2
230 46 56 2
237 51 64 2
242 56 69 2
243 57 70 2
240 54 67 2
235 49 63 2
232 44 59 2
229 41 56 2
229 41 56 2
231 43 57 2
234 46 60 2
236 49 60 2
240 50 62 2
242 52 64 2
246 52 61 2
255 51 58 2
247 40 46 2
235 30 35 2
230 25 30 2
232 27 34 2
236 29 37 2
235 28 38 2
235 25 36 2
239 27 39 2
241 26 41 2
241 26 41 2
242 25 42 2
243 25 42 2
243 25 42 2
243 24 44 2
243 24 44 2
245 23 44 2
243 25 42 2
242 26 41 2
239 27 39 2
236 29 37 2
235 30 35 2
234 31 35 2
234 31 35 2
234 31 35 2
235 30 35 2
236 29 39 2
239 27 41 2
242 25 44 2
243 23 48 2
246 22 49 2
248 21 48 2
250 21 42 2
249 22 39 2
243 25 39 2
239 27 39 2
235 29 41 2
232 31 41 2
232 30 42 2
235 29 42 2
239 28 45 2
238 27 44 2
236 25 44 2
232 25 45 2
223 24 43 2
217 26 44 2
209 26 44 2
205 27 39 2
190 9 14 2
232 52 55 2
209 25 35 2
209 34 49 2
185 29 50 2
195 24 43 2
230 25 42 2
252 34 50 2
245 29 42 2
240 28 42 2
230 24 37 2
233 25 41 2
243 24 44 2
251 22 43 2
255 18 42 2
249 18 38 2
231 19 34 2
223 18 33 2
230 23 43 2
235 27 49 2
243 37 60 2
248 46 68 2
249 51 74 2
245 52 73 2
239 50 70 2
237 48 68 2
244 55 75 2
244 55 75 2
243 54 74 2
242 53 73 2
241 52 70 2
240 51 69 2
239 50 68 2
238 52 66 2
241 55 68 2
239 53 66 2
236 50 63 2
234 48 62 2
233 47 61 2
234 48 62 2
236 50 64 2
237 51 65 2
244 56 71 2
245 54 70 2
244 53 68 2
243 51 66 2
242 47 61 2
240 45 59 2
240 44 56 2
243 41 53 2
255 50 59 2
252 38 46 2
237 26 33 2
231 21 30 2
234 24 33 2
238 28 37 2
238 26 38 2
237 23 35 2
243 25 41 2
245 24 41 2
248 22 42 2
249 22 42 2
250 21 42 2
250 21 44 2
250 21 44 2
249 21 44 2
246 23 42 2
245 24 41 2
242 26 39 2
239 28 37 2
236 29 37 2
234 31 35 2
232 32 35 2
232 32 35 2
232 32 35 2
234 31 35 2
236 29 37 2
239 27 41 2
243 25 42 2
246 23 44 2
248 22 46 2
249 21 46 2
249 22 42 2
246 23 41 2
242 26 41 2
238 28 41 2
235 29 41 2
235 29 42 2
236 28 42 2
238 27 44 2
243 26 45 2
242 25 46 2
239 23 47 2
233 23 48 2
223 24 47 2
214 26 48 2
205 28 48 2
204 27 43 2
217 30 37 2
204 13 18 2
223 33 43 2
208 25 43 2
191 21 47 2
198 35 40 2
207 34 28 2
234 49 46 2
228 31 40 2
232 27 44 2
234 28 51 2
234 28 48 2
234 30 41 2
239 28 34 2
252 23 26 2
250 24 26 2
236 30 30 2
232 32 35 2
234 21 39 2
240 24 48 2
242 33 55 2
244 40 63 2
243 47 67 2
241 50 68 2
238 49 69 2
237 48 68 2
234 45 67 2
236 44 67 2
238 44 68 2
239 45 69 2
238 46 71 2
237 47 72 2
236 48 72 2
238 49 69 2
241 48 65 2
243 48 62 2
243 48 62 2
241 49 64 2
240 49 64 2
238 50 64 2
237 51 64 2
237 51 64 2
238 52 65 2
238 52 65 2
239 52 63 2
240 50 62 2
241 49 62 2
243 48 62 2
244 48 62 2
247 45 61 2
239 26 44 2
242 25 44 2
242 25 44 2
242 25 44 2
242 25 44 2
242 25 44 2
242 25 44 2
243 24 44 2
245 24 42 2
246 23 42 2
248 22 42 2
248 23 41 2
249 22 41 2
249 22 41 2
249 22 41 2
249 22 41 2
246 24 39 2
245 25 37 2
243 26 37 2
241 27 37 2
238 28 37 2
235 30 37 2
234 30 37 2
232 31 37 2
232 31 37 2
234 30 37 2
235 30 37 2
236 29 39 2
238 28 39 2
239 27 39 2
241 26 41 2
238 28 41 2
232 31 41 2
231 31 42 2
234 29 42 2
236 28 42 2
241 26 42 2
243 25 42 2
248 22 44 2
249 21 44 2
243 16 43 2
243 20 47 2
241 24 53 2
234 27 57 2
221 28 55 2
213 30 58 2
206 34 60 2
210 34 55 2
221 29 42 2
209 11 24 2
212 19 40 2
222 39 67 2
195 31 65 2
163 26 34 2
200 35 33 2
206 36 23 2
230 49 40 2
226 29 39 2
232 22 47 2
239 24 57 2
238 25 55 2
232 30 44 2
236 29 37 2
249 24 30 2
249 24 30 2
234 30 37 2
231 31 41 2
237 25 40 2
242 25 44 2
240 32 48 2
240 39 55 2
237 45 58 2
237 49 63 2
237 51 64 2
237 51 65 2
237 49 64 2
237 48 66 2
239 48 66 2
239 47 68 2
237 48 68 2
236 49 68 2
235 50 68 2
236 49 66 2
243 48 64 2
244 48 62 2
243 48 62 2
241 49 62 2
240 50 62 2
238 51 62 2
237 51 62 2
236 52 62 2
234 50 60 2
236 52 62 2
240 54 65 2
245 55 67 2
244 52 65 2
242 47 61 2
238 42 56 2
239 37 53 2
236 27 46 2
239 26 46 2
239 26 46 2
239 26 44 2
239 26 44 2
239 26 44 2
241 26 44 2
241 26 42 2
242 25 42 2
242 25 42 2
243 25 41 2
243 25 41 2
243 25 41 2
243 25 41 2
245 24 41 2
245 24 39 2
246 24 37 2
245 25 35 2
241 27 35 2
238 29 35 2
235 30 37 2
234 30 37 2
234 30 39 2
235 29 39 2
238 28 39 2
239 27 39 2
239 27 41 2
239 27 41 2
239 27 41 2
236 28 41 2
235 29 41 2
231 31 42 2
228 32 44 2
228 32 44 2
232 30 44 2
236 28 44 2
242 25 42 2
246 23 42 2
249 22 42 2
249 22 42 2
255 29 51 2
245 25 50 2
231 19 42 2
218 16 40 2
216 24 47 2
215 33 55 2
205 29 50 2
195 18 38 2
208 17 33 2
221 28 47 2
221 32 62 2
204 28 64 2
173 26 32 2
214 30 30 2
221 28 21 2
241 39 37 2
235 20 38 2
240 15 49 2
249 18 64 2
246 19 64 2
241 23 58 2
241 24 53 2
249 20 51 2
246 21 55 2
232 26 62 2
228 29 58 2
237 29 43 2
239 30 36 2
236 33 37 2
233 37 41 2
231 42 44 2
232 48 50 2
233 53 54 2
235 55 58 2
240 57 61 2
239 56 61 2
239 56 61 2
238 54 62 2
237 53 61 2
234 53 60 2
232 53 59 2
233 52 61 2
238 51 62 2
241 49 62 2
240 50 62 2
238 51 62 2
237 51 62 2
236 52 62 2
234 53 62 2
234 53 62 2
230 49 58 2
236 52 62 2
241 55 66 2
244 57 68 2
244 52 65 2
239 44 58 2
232 36 50 2
228 30 43 2
231 32 39 2
231 32 37 2
231 32 37 2
231 32 37 2
232 31 37 2
232 31 37 2
232 31 37 2
232 31 39 2
234 30 39 2
234 30 39 2
235 29 41 2
235 29 41 2
235 29 41 2
235 29 41 2
236 28 41 2
239 27 41 2
243 26 37 2
242 27 35 2
238 29 35 2
234 31 35 2
229 33 37 2
229 32 39 2
234 30 41 2
239 27 42 2
246 23 42 2
250 21 44 2
253 19 46 2
250 20 46 2
245 23 48 2
238 26 48 2
231 30 49 2
229 30 49 2
232 29 49 2
235 27 49 2
236 27 48 2
238 27 46 2
241 26 44 2
241 26 42 2
242 26 41 2
241 27 39 2
249 38 47 2
237 27 38 2
229 25 34 2
229 29 39 2
220 26 35 2
207 17 25 2
207 22 28 2
217 33 43 2
219 38 55 2
211 33 59 2
216 41 74 2
185 18 61 2
204 52 99 2
203 131 135 2
178 28 37 2
218 27 32 2
229 25 24 2
245 32 36 2
235 18 35 2
239 16 45 2
248 19 60 2
246 19 62 2
241 23 57 2
241 23 55 2
245 21 55 2
242 22 60 2
229 27 67 2
228 29 62 2
240 32 45 2
241 31 32 2
236 30 32 2
232 32 32 2
230 36 36 2
231 43 41 2
235 50 48 2
237 53 51 2
242 58 58 2
242 58 58 2
241 57 59 2
240 56 58 2
238 55 57 2
236 53 55 2
234 54 57 2
233 52 57 2
237 52 60 2
238 51 62 2
238 51 62 2
237 51 62 2
236 52 62 2
234 53 62 2
234 53 62 2
234 53 62 2
234 53 62 2
237 53 63 2
238 52 63 2
238 51 62 2
237 45 58 2
234 39 53 2
229 33 47 2
226 29 39 2
232 31 37 2
234 31 34 2
234 31 34 2
234 31 35 2
234 31 35 2
234 30 37 2
232 31 37 2
232 31 39 2
231 31 41 2
231 31 42 2
231 31 44 2
231 31 44 2
229 31 46 2
229 31 46 2
229 31 46 2
234 29 46 2
242 25 42 2
243 25 41 2
238 28 41 2
232 31 41 2
229 32 42 2
229 32 42 2
234 29 44 2
239 26 44 2
246 22 46 2
250 20 46 2
252 20 46 2
249 21 48 2
242 24 48 2
235 28 48 2
227 32 48 2
227 32 49 2
236 27 49 2
242 24 49 2
241 25 46 2
239 26 44 2
238 27 42 2
236 29 39 2
235 30 37 2
234 31 35 2
230 30 32 2
233 35 36 2
236 40 41 2
234 38 40 2
224 28 30 2
216 21 25 2
222 27 31 2
227 40 49 2
196 22 45 2
200 35 69 2
210 49 99 2
222 93 149 2
173 31 47 2
216 25 40 2
229 25 32 2
240 31 36 2
228 24 33 2
230 25 38 2
236 27 46 2
238 27 46 2
235 29 42 2
235 29 41 2
238 27 42 2
235 28 46 2
228 30 53 2
229 30 49 2
243 32 41 2
247 28 34 2
241 26 31 2
237 27 30 2
236 30 34 2
238 35 38 2
240 41 44 2
241 45 47 2
247 53 54 2
246 51 55 2
245 52 55 2
245 52 55 2
242 51 56 2
242 51 56 2
241 50 55 2
240 51 57 2
237 52 60 2
237 51 62 2
236 52 62 2
236 52 62 2
234 53 62 2
234 53 62 2
234 53 62 2
234 53 62 2
241 57 67 2
237 53 63 2
232 46 57 2
230 40 52 2
227 35 48 2
228 33 47 2
229 33 47 2
236 31 46 2
245 24 41 2
249 22 39 2
248 23 39 2
246 23 41 2
245 24 41 2
243 25 42 2
241 26 44 2
238 27 46 2
236 27 48 2
234 28 49 2
232 28 51 2
229 30 53 2
228 30 55 2
227 31 55 2
225 31 55 2
231 28 55 2
242 23 53 2
245 22 51 2
241 25 49 2
236 27 49 2
234 28 49 2
234 28 48 2
234 28 48 2
235 28 46 2
238 27 46 2
239 26 44 2
238 27 42 2
236 28 41 2
231 31 41 2
227 33 41 2
221 36 41 2
225 34 41 2
241 26 42 2
246 23 42 2
243 25 42 2
241 26 41 2
236 29 39 2
232 31 37 2
229 33 35 2
227 35 34 2
217 27 26 2
234 44 43 2
235 45 45 2
221 28 29 2
221 24 31 2
236 37 44 2
232 31 41 2
204 13 31 2
193 28 60 2
235 76 130 2
246 90 153 2
240 91 159 2
177 27 56 2
220 20 48 2
238 23 41 2
243 29 39 2
226 30 34 2
228 35 38 2
229 33 37 2
232 32 35 2
232 32 32 2
234 32 32 2
235 31 32 2
234 31 35 2
229 32 41 2
232 30 42 2
243 27 40 2
246 24 37 2
245 25 37 2
242 25 36 2
242 26 37 2
241 30 39 2
241 34 44 2
240 36 45 2
244 43 51 2
243 44 51 2
242 45 54 2
243 46 55 2
244 47 57 2
245 48 58 2
246 49 59 2
244 50 59 2
238 51 60 2
237 51 62 2
236 52 62 2
236 52 62 2
236 52 62 2
236 52 62 2
236 52 62 2
237 51 62 2
240 54 65 2
236 49 60 2
230 40 52 2
224 32 45 2
224 28 42 2
227 29 44 2
233 32 48 2
241 34 50 2
245 24 41 2
249 22 39 2
248 23 41 2
246 23 41 2
245 24 42 2
243 25 42 2
242 25 44 2
239 26 46 2
238 26 48 2
235 27 49 2
234 28 51 2
232 28 51 2
229 30 53 2
228 30 55 2
228 30 55 2
231 29 53 2
241 25 49 2
243 23 49 2
239 26 48 2
236 27 48 2
235 28 48 2
234 29 46 2
234 29 46 2
234 29 44 2
235 28 44 2
236 28 42 2
236 28 41 2
235 29 41 2
234 30 41 2
231 31 41 2
228 33 39 2
231 32 39 2
238 28 39 2
241 27 37 2
239 28 37 2
238 28 37 2
235 30 35 2
232 32 35 2
229 33 37 2
227 34 37 2
223 32 37 2
223 33 41 2
227 37 47 2
227 36 51 2
218 27 45 2
207 15 36 2
208 16 39 2
207 26 57 2
210 50 96 2
247 95 152 2
190 17 62 2
233 10 57 2
252 16 52 2
252 24 47 2
232 31 39 2
230 42 40 2
227 35 32 2
229 34 28 2
232 33 26 2
235 32 25 2
235 32 26 2
235 31 30 2
236 29 35 2
238 28 39 2
239 22 39 2
241 22 44 2
245 23 46 2
247 25 48 2
245 26 48 2
244 27 48 2
240 27 47 2
236 27 46 2
238 32 52 2
236 35 53 2
236 38 55 2
239 41 58 2
242 44 61 2
247 46 64 2
250 47 66 2
248 50 67 2
241 49 62 2
238 51 62 2
238 51 62 2
238 51 62 2
240 50 62 2
240 50 62 2
240 50 62 2
241 49 62 2
238 43 57 2
236 40 54 2
232 34 49 2
230 29 45 2
228 27 43 2
231 29 45 2
236 31 48 2
238 33 48 2
234 30 39 2
234 30 37 2
234 30 37 2
234 30 37 2
234 30 37 2
235 30 37 2
235 29 39 2
235 29 39 2
235 29 39 2
235 29 41 2
236 28 41 2
236 28 41 2
236 28 41 2
236 28 42 2
236 28 42 2
236 29 39 2
238 29 35 2
236 30 34 2
235 30 35 2
232 32 35 2
231 32 37 2
232 31 37 2
234 30 39 2
235 29 41 2
239 27 42 2
242 25 42 2
246 23 44 2
248 22 44 2
249 21 46 2
250 20 46 2
249 21 48 2
242 25 44 2
229 33 35 2
225 36 32 2
228 34 32 2
231 33 34 2
234 31 35 2
235 29 39 2
236 28 42 2
235 28 46 2
233 27 50 2
222 22 50 2
224 30 64 2
227 41 78 2
209 30 70 2
185 14 56 2
200 35 78 2
234 73 123 2
238 84 144 2
188 17 61 2
232 10 59 2
255 16 58 2
255 23 53 2
237 33 44 2
234 44 44 2
227 35 32 2
231 33 30 2
236 30 30 2
239 29 30 2
238 29 34 2
239 28 37 2
242 26 41 2
242 25 44 2
234 21 43 2
235 23 46 2
242 26 50 2
246 28 53 2
247 27 53 2
244 26 51 2
237 23 47 2
232 23 45 2
230 27 47 2
229 30 49 2
230 35 52 2
234 39 56 2
239 42 60 2
246 45 64 2
250 47 67 2
252 49 69 2
244 47 64 2
243 48 62 2
243 48 62 2
243 48 62 2
244 48 62 2
244 48 62 2
245 47 62 2
247 46 62 2
235 33 49 2
234 32 48 2
236 31 48 2
237 30 48 2
237 30 48 2
237 28 47 2
237 28 47 2
236 29 45 2
231 31 42 2
229 32 42 2
229 32 41 2
231 31 41 2
231 31 41 2
232 31 41 2
234 30 39 2
235 29 39 2
235 29 39 2
236 29 37 2
238 28 37 2
238 28 37 2
239 28 35 2
239 28 35 2
241 27 35 2
239 28 34 2
239 29 32 2
238 29 32 2
235 31 32 2
234 31 34 2
232 32 34 2
232 32 35 2
232 31 37 2
235 29 39 2
238 28 41 2
242 25 42 2
246 23 42 2
249 21 44 2
252 20 46 2
255 18 46 2
255 17 46 2
249 21 44 2
234 30 39 2
225 35 37 2
227 34 39 2
227 33 41 2
225 33 44 2
224 33 48 2
222 33 53 2
220 34 58 2
208 25 56 2
218 38 77 2
213 37 83 2
191 23 74 2
192 29 86 2
218 58 118 2
241 85 148 2
246 91 159 2
241 82 164 2
179 32 58 2
209 11 47 2
236 11 51 2
239 11 44 2
228 23 38 2
220 26 34 2
233 34 41 2
238 31 41 2
247 26 44 2
249 22 49 2
244 23 54 2
246 22 59 2
248 19 62 2
245 21 58 2
235 29 52 2
223 25 42 2
229 23 43 2
238 29 50 2
240 27 49 2
232 19 41 2
229 17 39 2
231 25 45 2
222 25 42 2
223 31 46 2
223 35 49 2
222 34 48 2
222 31 46 2
227 30 47 2
235 34 52 2
242 39 58 2
238 36 52 2
237 36 52 2
238 36 52 2
237 35 51 2
239 34 51 2
239 34 51 2
239 32 50 2
240 31 50 2
237 26 45 2
237 26 45 2
239 26 46 2
239 26 46 2
239 26 46 2
241 25 46 2
242 26 47 2
240 27 49 2
238 25 53 2
236 26 55 2
236 26 53 2
236 26 51 2
236 26 51 2
236 27 49 2
238 26 48 2
238 27 46 2
243 32 49 2
242 31 46 2
242 30 44 2
239 27 39 2
237 26 35 2
235 24 31 2
233 22 29 2
234 20 28 2
241 23 37 2
241 23 39 2
241 25 40 2
240 25 40 2
237 27 40 2
234 28 40 2
231 30 40 2
231 30 40 2
228 27 37 2
236 32 41 2
232 26 36 2
237 27 38 2
249 33 46 2
242 20 35 2
240 13 30 2
255 32 52 2
238 9 40 2
238 14 48 2
237 28 59 2
233 39 66 2
206 30 53 2
188 30 53 2
175 33 55 2
186 56 80 2
193 68 98 2
208 70 129 2
240 91 159 2
195 22 50 2
231 21 58 2
241 20 55 2
236 30 50 2
232 35 45 2
229 28 36 2
236 26 39 2
245 21 45 2
249 22 52 2
244 24 60 2
245 26 66 2
248 26 67 2
245 30 64 2
227 30 48 2
230 36 47 2
233 31 45 2
229 21 37 2
236 19 38 2
247 28 48 2
249 34 52 2
240 32 46 2
233 33 44 2
223 29 38 2
217 27 35 2
223 33 41 2
235 39 49 2
239 37 49 2
231 23 37 2
220 9 24 2
238 30 46 2
237 30 48 2
238 29 48 2
240 29 48 2
239 28 47 2
240 27 47 2
241 25 46 2
241 25 46 2
243 26 47 2
243 26 47 2
243 26 47 2
242 25 46 2
242 25 46 2
241 24 45 2
241 24 45 2
240 24 48 2
243 28 61 2
243 28 62 2
243 28 62 2
243 28 61 2
243 28 59 2
243 29 57 2
243 29 55 2
243 29 53 2
239 26 46 2
240 27 45 2
241 29 44 2
242 30 44 2
243 31 43 2
244 33 42 2
245 34 41 2
249 33 44 2
250 22 45 2
249 21 46 2
243 21 44 2
238 22 43 2
233 24 43 2
232 27 44 2
232 30 46 2
235 30 47 2
239 32 50 2
230 21 40 2
238 31 49 2
230 29 45 2
210 18 31 2
226 42 52 2
232 57 62 2
197 27 40 2
204 35 66 2
191 29 68 2
184 51 82 2
202 102 126 2
182 33 55 2
220 26 63 2
233 19 57 2
234 26 50 2
235 30 43 2
229 30 33 2
233 28 33 2
241 23 37 2
240 23 40 2
232 27 44 2
227 29 46 2
227 31 43 2
226 32 41 2
225 34 41 2
230 35 41 2
242 35 45 2
252 34 48 2
255 30 47 2
255 24 42 2
248 20 35 2
241 19 32 2
240 26 34 2
231 24 30 2
226 23 27 2
230 27 31 2
242 33 38 2
252 35 43 2
255 32 43 2
255 30 44 2
241 24 41 2
237 26 45 2
237 24 44 2
239 23 44 2
240 23 44 2
239 22 43 2
240 21 43 2
240 21 43 2
246 27 49 2
246 27 49 2
245 26 48 2
243 26 47 2
241 24 45 2
239 23 44 2
238 22 43 2
236 23 45 2
234 21 49 2
232 22 51 2
232 22 51 2
232 22 49 2
232 22 47 2
234 22 45 2
234 22 45 2
234 22 44 2
237 26 45 2
237 26 43 2
236 25 40 2
235 25 38 2
235 25 36 2
234 24 33 2
233 23 32 2
238 20 36 2
255 28 58 2
255 24 58 2
245 25 53 2
233 25 51 2
224 26 49 2
225 27 52 2
233 26 56 2
242 24 59 2
238 7 49 2
250 17 62 2
247 24 68 2
228 30 65 2
198 36 60 2
196 27 70 2
202 27 56 2
206 29 47 2
214 41 45 2
219 39 42 2
232 32 43 2
237 30 46 2
231 33 46 2
231 35 45 2
231 37 38 2
228 38 38 2
212 27 32 2
220 30 38 2
234 33 43 2
246 30 45 2
254 25 45 2
254 21 42 2
247 16 34 2
238 11 28 2
255 39 50 2
248 38 47 2
241 36 43 2
240 33 41 2
245 30 38 2
251 27 38 2
255 22 37 2
254 22 38 2
242 24 41 2
238 25 45 2
239 23 44 2
240 23 44 2
240 23 44 2
240 21 43 2
240 21 43 2
240 21 43 2
247 28 50 2
247 28 50 2
244 27 48 2
242 26 47 2
238 25 45 2
236 25 44 2
232 23 42 2
231 24 42 2
236 29 45 2
236 29 45 2
236 29 45 2
236 29 45 2
237 29 45 2
237 29 43 2
237 29 43 2
239 28 43 2
236 24 39 2
236 24 39 2
238 26 41 2
241 26 41 2
243 28 43 2
245 30 45 2
246 31 46 2
248 31 50 2
254 31 60 2
246 28 60 2
228 28 56 2
214 27 54 2
201 29 55 2
195 32 59 2
195 36 66 2
196 38 73 2
201 42 83 2
194 43 86 2
178 43 50 2
202 31 49 2
219 25 49 2
227 23 46 2
234 23 42 2
238 24 32 2
231 27 34 2
212 35 45 2
218 46 60 2
228 39 57 2
227 23 46 2
239 20 48 2
255 33 63 2
255 37 64 2
249 29 55 2
234 25 46 2
223 22 40 2
219 21 36 2
229 28 44 2
245 36 55 2
254 32 53 2
249 15 40 2
234 2 26 2
244 25 47 2
240 27 47 2
239 26 46 2
241 25 46 2
242 25 46 2
241 24 45 2
241 24 45 2
241 24 45 2
243 27 48 2
241 28 48 2
239 28 47 2
236 27 46 2
234 29 46 2
231 29 45 2
229 28 44 2
229 29 39 2
233 34 31 2
235 34 27 2
235 34 27 2
236 33 29 2
237 31 31 2
237 31 31 2
239 30 35 2
240 29 36 2
240 26 36 2
241 25 40 2
241 23 40 2
242 20 41 2
240 18 39 2
239 17 40 2
239 15 41 2
231 19 42 2
219 33 54 2
205 38 56 2
199 37 58 2
190 42 64 2
197 72 114 2
203 97 133 2
188 39 71 2
190 34 55 2
186 34 49 2
192 51 68 2
181 40 59 2
195 35 61 2
219 41 73 2
228 34 71 2
217 15 53 2
212 10 48 2
218 23 57 2
207 22 53 2
202 24 50 2
199 22 48 2
201 23 47 2
212 23 51 2
225 25 54 2
240 26 60 2
246 28 60 2
239 27 50 2
239 28 47 2
239 28 47 2
239 26 46 2
241 25 46 2
240 24 45 2
240 24 45 2
238 25 45 2
236 25 44 2
234 25 44 2
233 28 45 2
231 30 46 2
228 32 46 2
228 33 47 2
226 36 48 2
226 36 44 2
226 38 37 2
224 39 36 2
223 39 37 2
222 40 39 2
219 40 43 2
216 41 46 2
212 42 51 2
209 43 55 2
195 34 50 2
192 36 57 2
189 37 60 2
185 38 66 2
182 39 67 2
181 40 72 2
207 106 140 2
201 53 103 2
223 96 139 2
193 42 87 2
181 20 64 2
198 41 84 2
230 84 121 2
233 93 128 2
228 93 125 2
213 74 107 2
193 43 78 2
187 25 64 2
202 25 69 2
223 33 71 2
226 27 50 2
232 25 43 2
233 24 43 2
233 24 43 2
234 23 42 2
234 23 42 2
234 23 42 2
231 22 41 2
228 21 39 2
226 24 40 2
225 27 42 2
226 31 45 2
225 35 47 2
225 39 50 2
224 43 52 2
221 45 58 2
197 28 49 2
192 30 54 2
186 32 58 2
178 35 62 2
224 109 150 2
209 58 111 2
196 41 96 2
210 59 112 2
206 87 129 2
228 92 140 2
203 72 122 2
208 61 116 2
218 77 119 2
195 49 88 2
218 86 133 2
207 69 120 2
202 52 90 2
208 56 97 2
196 49 94 2
217 95 152 2
224 77 157 2
231 98 155 2
215 68 113 2
211 60 103 2
190 39 84 2
209 63 112 2
215 93 150 2
